Wartortle GL
Stats @ lvl40 15/15/15:     [1488.0, 111.4323, 134.351, 132.0, 1976177.4037236, 40, 15, 15, 15]

Best Spread <= lvl40:   [1488.0, 111.4323, 134.351, 132.0, 1976177.4037236, 40.0, 15, 15, 15]
Percent Improvement:    1.04208122892
Rank 1:     [1500.0, 109.25019866, 138.6009983, 136.0, 2059337.3774299074, 45.0, 8, 15, 14]
Max Atk:    [1499.0, 114.95729859, 132.89389837, 128.0, 1955471.815130778, 45.0, 15, 8, 4]
Max Def:    [1500.0, 114.1419986, 138.6009983, 124.0, 1961704.174285733, 45.0, 14, 15, 0]
Max Stam:   [1500.0, 109.25019866, 138.6009983, 136.0, 2059337.3774299074, 45.0, 8, 15, 14]
-----------

Blastoise UL
Stats @ lvl40 15/15/15:     [2466.0, 146.9958, 175.4466, 160.0, 4126386.1318848, 40, 15, 15, 15]

Best Spread <= lvl40:   [2466.0, 146.9958, 175.4466, 160.0, 4126386.1318848, 40.0, 15, 15, 15]
Percent Improvement:    1.04442003395
Rank 1:     [2497.0, 144.30809822999998, 180.99659778, 165.0, 4309680.343935786, 45.0, 6, 15, 15]
Max Atk:    [2500.0, 151.64579813999998, 172.84359788, 157.0, 4115127.840562584, 45.0, 15, 5, 5]
Max Def:    [2498.0, 150.01519815999998, 180.99659778, 153.0, 4154292.7937846347, 45.0, 13, 15, 0]
Max Stam:   [2497.0, 144.30809822999998, 180.99659778, 165.0, 4309680.343935786, 45.0, 6, 15, 15]
-----------

Sandslash UL
Stats @ lvl40 15/15/15:     [2374.0, 155.6891, 150.157, 154.0, 3600182.4610598003, 40, 15, 15, 15]

Best Spread <= lvl40:   [2368.0, 155.6891, 150.157, 154.0, 3600182.4610598003, 40.0, 15, 15, 14]
Percent Improvement:    1.08656014881
Rank 1:     [2498.0, 159.3095516061, 154.43272859774999, 159.0, 3911814.7906480394, 44.5, 14, 15, 15]
Max Atk:    [2500.0, 160.61409803, 153.27639811999998, 158.0, 3889699.368466296, 45.0, 15, 13, 13]
Max Def:    [2494.0, 160.61409803, 154.90699809999998, 155.0, 3856438.4056467954, 45.0, 15, 15, 10]
Max Stam:   [2488.0, 158.16819806, 154.90699809999998, 159.0, 3895716.3602613737, 45.0, 12, 15, 15]
-----------

ASandslash UL
Stats @ lvl40 15/15/15:     [2432.0, 151.7376, 165.963, 154.0, 3878155.4055551994, 40, 15, 15, 15]

Best Spread <= lvl40:   [2426.0, 151.7376, 165.963, 154.0, 3878155.4055551994, 40.0, 15, 15, 14]
Percent Improvement:    1.05876070217
Rank 1:     [2494.0, 150.83049814999998, 171.2129979, 159.0, 4106038.540318893, 45.0, 8, 15, 15]
Max Atk:    [2499.0, 156.53759808, 165.50589797, 154.0, 3989815.9433897915, 45.0, 15, 8, 8]
Max Def:    [2495.0, 156.53759808, 171.2129979, 148.0, 3966588.174798629, 45.0, 15, 15, 1]
Max Stam:   [2494.0, 150.83049814999998, 171.2129979, 159.0, 4106038.540318893, 45.0, 8, 15, 15]
-----------

Nidoqueen UL
Stats @ lvl40 15/15/15:     [2488.0, 154.1085, 148.5764, 175.0, 4006955.0743950005, 40, 15, 15, 15]

Best Spread <= lvl40:   [2488.0, 154.1085, 148.5764, 175.0, 4006955.0743950005, 40.0, 15, 15, 15]
Percent Improvement:    1.03301407963
Rank 1:     [2499.0, 150.83049814999998, 152.46109812999998, 180.0, 4139241.008299907, 45.0, 5, 14, 14]
Max Atk:    [2499.0, 158.98349805, 141.04689826999999, 175.0, 3924222.623311741, 45.0, 15, 0, 8]
Max Def:    [2497.0, 154.90699809999998, 153.27639811999998, 169.0, 4012666.154387096, 45.0, 10, 15, 1]
Max Stam:   [2493.0, 150.01519815999998, 153.27639811999998, 180.0, 4138882.0627001124, 45.0, 4, 15, 14]
-----------

Nidorino GL
Stats @ lvl40 15/15/15:     [1393.0, 120.1256, 99.5778, 135.0, 1614848.8011768, 40, 15, 15, 15]

Best Spread <= lvl40:   [1393.0, 120.1256, 99.5778, 135.0, 1614848.8011768, 40.0, 15, 15, 15]
Percent Improvement:    1.09580162941
Rank 1:     [1483.0, 123.92559847999999, 102.72779874, 139.0, 1769553.9475748609, 45.0, 15, 15, 15]
Max Atk:    [1483.0, 123.92559847999999, 102.72779874, 139.0, 1769553.9475748609, 45.0, 15, 15, 15]
Max Def:    [1483.0, 123.92559847999999, 102.72779874, 139.0, 1769553.9475748609, 45.0, 15, 15, 15]
Max Stam:   [1483.0, 123.92559847999999, 102.72779874, 139.0, 1769553.9475748609, 45.0, 15, 15, 15]
-----------

Nidoking UL
Stats @ lvl40 15/15/15:     [2567.0, 173.0757, 135.1413, 162.0, 3789127.3656184203, 40, 15, 15, 15]

Best Spread <= lvl40:   [2490.0, 168.3339, 135.1413, 162.0, 3685315.65697134, 40.0, 9, 15, 14]
Percent Improvement:    1.02566173113
Rank 1:     [2500.0, 165.30119796, 137.7509983, 166.0, 3779887.2365032034, 44.0, 0, 14, 14]
Max Atk:    [2497.0, 178.00403980477498, 126.7973982171, 155.0, 3498419.6135036787, 44.5, 15, 0, 0]
Max Def:    [2498.0, 169.58239792, 139.41629829, 155.0, 3664595.2768379697, 45.0, 4, 15, 0]
Max Stam:   [2499.0, 165.8119822839, 135.73824039907498, 167.0, 3758673.460953963, 44.5, 0, 11, 15]
-----------

Clefable UL
Stats @ lvl40 15/15/15:     [2437.0, 152.5279, 139.8831, 182.0, 3883165.7389051802, 40, 15, 15, 15]

Best Spread <= lvl40:   [2437.0, 152.5279, 139.8831, 182.0, 3883165.7389051802, 40.0, 15, 15, 15]
Percent Improvement:    1.05948059461
Rank 1:     [2500.0, 151.64579813999998, 144.30809822999998, 188.0, 4114138.7460209266, 45.0, 8, 15, 15]
Max Atk:    [2499.0, 157.35289807, 136.97039832, 184.0, 3965694.799083583, 45.0, 15, 6, 10]
Max Def:    [2495.0, 156.53759808, 144.30809822999998, 176.0, 3975777.1821533744, 45.0, 14, 15, 0]
Max Stam:   [2500.0, 151.64579813999998, 144.30809822999998, 188.0, 4114138.7460209266, 45.0, 8, 15, 15]
-----------

ANinetales UL
Stats @ lvl40 15/15/15:     [2309.0, 146.2055, 164.3824, 151.0, 3629075.2584632, 40, 15, 15, 15]

Best Spread <= lvl40:   [2309.0, 146.2055, 164.3824, 151.0, 3629075.2584632, 40.0, 15, 15, 15]
Percent Improvement:    1.09950842419
Rank 1:     [2457.0, 150.83049814999998, 169.58239792, 156.0, 3990198.818696239, 45.0, 15, 15, 15]
Max Atk:    [2457.0, 150.83049814999998, 169.58239792, 156.0, 3990198.818696239, 45.0, 15, 15, 15]
Max Def:    [2457.0, 150.83049814999998, 169.58239792, 156.0, 3990198.818696239, 45.0, 15, 15, 15]
Max Stam:   [2457.0, 150.83049814999998, 169.58239792, 156.0, 3990198.818696239, 45.0, 15, 15, 15]
-----------

Vileplume UL
Stats @ lvl40 15/15/15:     [2559.0, 171.4951, 143.8346, 154.0, 3798707.08301084, 40, 15, 15, 15]

Best Spread <= lvl40:   [2494.0, 167.5436, 143.8346, 154.0, 3711179.27003824, 40.0, 10, 15, 14]
Percent Improvement:    1.02768395929
Rank 1:     [2498.0, 163.68059798, 147.47459818, 158.0, 3813919.405880093, 44.0, 0, 15, 14]
Max Atk:    [2499.0, 176.378432135325, 136.55104423379998, 147.0, 3540444.885994661, 44.5, 15, 1, 0]
Max Def:    [2497.0, 168.76709793, 148.38459817999998, 147.0, 3681238.38781512, 45.0, 5, 15, 0]
Max Stam:   [2499.0, 164.18637461445, 145.49188641577499, 159.0, 3798157.873261327, 44.5, 0, 12, 15]
-----------

Dugtrio GL
Stats @ lvl40 15/15/15:     [1557.0, 143.8346, 117.7547, 99.0, 1676782.81708938, 40, 15, 15, 15]

Best Spread <= lvl40:   [1497.0, 138.3025, 117.7547, 99.0, 1612291.1702782502, 40.0, 8, 15, 15]
Percent Improvement:    1.02665978286
Rank 1:     [1497.0, 135.32009833, 119.92439852, 102.0, 1655274.5027890357, 44.0, 0, 14, 15]
Max Atk:    [1499.0, 148.38459817999998, 110.88079864, 92.0, 1513676.2531907978, 45.0, 15, 2, 2]
Max Def:    [1495.0, 142.67749824999999, 121.47969850999999, 90.0, 1559917.7524413946, 45.0, 8, 15, 0]
Max Stam:   [1497.0, 135.32009833, 119.92439852, 102.0, 1655274.5027890357, 44.0, 0, 14, 15]
-----------

Golduck UL
Stats @ lvl40 15/15/15:     [2450.0, 162.80180000000001, 139.8831, 162.0, 3689261.7160719605, 40, 15, 15, 15]

Best Spread <= lvl40:   [2450.0, 162.80180000000001, 139.8831, 162.0, 3689261.7160719605, 40.0, 15, 15, 15]
Percent Improvement:    1.04918330789
Rank 1:     [2494.0, 160.61409803, 144.30809822999998, 167.0, 3870711.810951227, 45.0, 6, 15, 15]
Max Atk:    [2498.0, 167.95179794, 133.70919836, 165.0, 3705355.543836886, 45.0, 15, 2, 13]
Max Def:    [2498.0, 167.13649795, 144.30809822999998, 154.0, 3714349.125253966, 45.0, 14, 15, 0]
Max Stam:   [2494.0, 160.61409803, 144.30809822999998, 167.0, 3870711.810951227, 45.0, 6, 15, 15]
-----------

Poliwhirl GL
Stats @ lvl40 15/15/15:     [1419.0, 114.5935, 109.0614, 140.0, 1749681.8557260002, 40, 15, 15, 15]

Best Spread <= lvl40:   [1419.0, 114.5935, 109.0614, 140.0, 1749681.8557260002, 40.0, 15, 15, 15]
Percent Improvement:    1.09467542013
Rank 1:     [1500.0, 117.40319855999999, 112.51139862, 145.0, 1915333.7205048394, 45.0, 14, 15, 15]
Max Atk:    [1500.0, 118.21849854999999, 111.69609863, 144.0, 1901454.4906461088, 45.0, 15, 14, 14]
Max Def:    [1497.0, 118.21849854999999, 112.51139862, 142.0, 1888731.8632756055, 45.0, 15, 15, 12]
Max Stam:   [1500.0, 117.40319855999999, 112.51139862, 145.0, 1915333.7205048394, 45.0, 14, 15, 15]
-----------

Poliwrath UL
Stats @ lvl40 15/15/15:     [2586.0, 155.6891, 157.2697, 175.0, 4284906.15879725, 40, 15, 15, 15]

Best Spread <= lvl40:   [2494.0, 150.157, 157.2697, 175.0, 4132650.6100075007, 40.0, 8, 15, 15]
Percent Improvement:    1.0248317847
Rank 1:     [2499.0, 147.47459818, 160.43939802, 179.0, 4235271.700188065, 44.0, 0, 14, 14]
Max Atk:    [2499.0, 158.6441, 148.1752, 167.0, 3925689.24813544, 43.0, 15, 0, 1]
Max Def:    [2495.0, 150.83049814999998, 162.24469801, 168.0, 4111203.368671495, 45.0, 3, 15, 0]
Max Stam:   [2495.0, 147.93029791995, 157.68394393665, 180.0, 4198721.9046734385, 44.5, 0, 10, 15]
-----------

Weepinbell GL
Stats @ lvl40 15/15/15:     [1611.0, 147.7861, 84.5621, 140.0, 1749594.4153534, 40, 15, 15, 15]

Best Spread <= lvl40:   [1499.0, 137.5122, 84.5621, 140.0, 1627964.8570668, 40.0, 2, 15, 15]
Percent Improvement:    1.00771001535
Rank 1:     [1500.0, 137.155082784463, 84.830022300217, 141.0, 1640516.4910983685, 40.5, 1, 15, 15]
Max Atk:    [1498.0, 151.05932247580898, 74.31795544264399, 132.0, 1481887.4395978174, 43.5, 15, 0, 1]
Max Def:    [1500.0, 139.8022595727, 86.970010315575, 132.0, 1604935.7223475503, 44.5, 0, 15, 0]
Max Stam:   [1494.0, 140.23159828, 78.26879904, 145.0, 1591485.0238011226, 45.0, 0, 4, 15]
-----------

Victreebel UL
Stats @ lvl40 15/15/15:     [2431.0, 175.4466, 118.545, 162.0, 3369327.385914, 40, 15, 15, 15]

Best Spread <= lvl40:   [2431.0, 175.4466, 118.545, 162.0, 3369327.385914, 40.0, 15, 15, 15]
Percent Improvement:    1.05757984509
Rank 1:     [2494.0, 174.47419786, 122.29499849999999, 167.0, 3563332.734851426, 45.0, 7, 15, 15]
Max Atk:    [2500.0, 180.99659778, 120.66439851999999, 158.0, 3450695.60563583, 45.0, 15, 13, 4]
Max Def:    [2497.0, 180.99659778, 122.29499849999999, 155.0, 3430921.6913715815, 45.0, 15, 15, 1]
Max Stam:   [2494.0, 174.47419786, 122.29499849999999, 167.0, 3563332.734851426, 45.0, 7, 15, 15]
-----------

Tentacruel UL
Stats @ lvl40 15/15/15:     [2422.0, 143.0443, 177.0272, 162.0, 4102282.5686035194, 40, 15, 15, 15]

Best Spread <= lvl40:   [2422.0, 143.0443, 177.0272, 162.0, 4102282.5686035194, 40.0, 15, 15, 15]
Percent Improvement:    1.06074706929
Rank 1:     [2492.0, 142.67749824999999, 182.62719776, 167.0, 4351484.212030402, 45.0, 9, 15, 15]
Max Atk:    [2500.0, 147.56929818999998, 176.10479784, 163.0, 4235988.812297922, 45.0, 15, 7, 10]
Max Def:    [2495.0, 147.56929818999998, 182.62719776, 156.0, 4204226.115000527, 45.0, 15, 15, 2]
Max Stam:   [2492.0, 142.67749824999999, 182.62719776, 167.0, 4351484.212030402, 45.0, 9, 15, 15]
-----------

Rapidash UL
Stats @ lvl40 15/15/15:     [2461.0, 175.4466, 139.8831, 140.0, 3435882.0009444, 40, 15, 15, 15]

Best Spread <= lvl40:   [2461.0, 175.4466, 139.8831, 140.0, 3435882.0009444, 40.0, 15, 15, 15]
Percent Improvement:    1.04765998745
Rank 1:     [2489.0, 172.02829789, 144.30809822999998, 145.0, 3599636.093986224, 45.0, 4, 15, 15]
Max Atk:    [2500.0, 180.99659778, 135.33979834, 141.0, 3453942.069171752, 45.0, 15, 4, 10]
Max Def:    [2495.0, 180.18129779, 144.30809822999998, 132.0, 3432213.8955308422, 45.0, 14, 15, 0]
Max Stam:   [2489.0, 172.02829789, 144.30809822999998, 145.0, 3599636.093986224, 45.0, 4, 15, 15]
-----------

Slowbro UL
Stats @ lvl40 15/15/15:     [2545.0, 151.7376, 154.1085, 182.0, 4255897.815187199, 40, 15, 15, 15]

Best Spread <= lvl40:   [2498.0, 149.3667, 153.3182, 182.0, 4167915.3122770796, 40.0, 12, 14, 15]
Percent Improvement:    1.03486027246
Rank 1:     [2497.0, 144.30809822999998, 158.98349805, 188.0, 4313209.975667101, 45.0, 0, 15, 15]
Max Atk:    [2499.0, 155.57759808, 147.47459818, 175.0, 4015155.1584650693, 44.0, 15, 2, 0]
Max Def:    [2496.0, 149.19989816999998, 158.98349805, 176.0, 4174776.6226795893, 45.0, 6, 15, 0]
Max Stam:   [2497.0, 144.30809822999998, 158.98349805, 188.0, 4313209.975667101, 45.0, 0, 15, 15]
-----------

Magnemite GL
Stats @ lvl40 15/15/15:     [1362.0, 142.254, 107.4808, 85.0, 1299613.766472, 40, 15, 15, 15]

Best Spread <= lvl40:   [1362.0, 142.254, 107.4808, 85.0, 1299613.766472, 40.0, 15, 15, 15]
Percent Improvement:    1.10183016143
Rank 1:     [1450.0, 146.75399819999998, 110.88079864, 88.0, 1431953.6461145626, 45.0, 15, 15, 15]
Max Atk:    [1450.0, 146.75399819999998, 110.88079864, 88.0, 1431953.6461145626, 45.0, 15, 15, 15]
Max Def:    [1450.0, 146.75399819999998, 110.88079864, 88.0, 1431953.6461145626, 45.0, 15, 15, 15]
Max Stam:   [1450.0, 146.75399819999998, 110.88079864, 88.0, 1431953.6461145626, 45.0, 15, 15, 15]
-----------

Magneton UL
Stats @ lvl40 15/15/15:     [2485.0, 188.0914, 145.4152, 120.0, 3282161.8259135997, 40, 15, 15, 15]

Best Spread <= lvl40:   [2485.0, 188.0914, 145.4152, 120.0, 3282161.8259135997, 40.0, 15, 15, 15]
Percent Improvement:    1.03128888385
Rank 1:     [2492.0, 183.44249775, 150.01519815999998, 123.0, 3384857.006064587, 45.0, 2, 15, 14]
Max Atk:    [2499.0, 194.04139762, 139.41629829, 119.0, 3219251.471172611, 45.0, 15, 2, 9]
Max Def:    [2499.0, 192.41079764, 150.01519815999998, 112.0, 3232828.920841885, 45.0, 13, 15, 1]
Max Stam:   [2492.0, 183.44249775, 150.01519815999998, 123.0, 3384857.006064587, 45.0, 2, 15, 14]
-----------

Dodrio UL
Stats @ lvl40 15/15/15:     [2362.0, 184.1399, 122.4965, 134.0, 3022570.0968869003, 40, 15, 15, 15]

Best Spread <= lvl40:   [2362.0, 184.1399, 122.4965, 134.0, 3022570.0968869003, 40.0, 15, 15, 15]
Percent Improvement:    1.08933588883
Rank 1:     [2498.0, 189.38329349092498, 125.984594382375, 138.0, 3292594.08302884, 44.5, 15, 15, 15]
Max Atk:    [2497.0, 189.96489767, 124.74089846999999, 138.0, 3270102.0978102023, 45.0, 15, 13, 15]
Max Def:    [2491.0, 189.96489767, 126.37149844999999, 136.0, 3264836.2329183985, 45.0, 15, 15, 12]
Max Stam:   [2492.0, 188.33429769, 126.37149844999999, 138.0, 3284412.062388687, 45.0, 13, 15, 15]
-----------

Grimer GL
Stats @ lvl40 15/15/15:     [1374.0, 118.545, 82.9815, 162.0, 1593600.7906350002, 40, 15, 15, 15]

Best Spread <= lvl40:   [1374.0, 118.545, 82.9815, 162.0, 1593600.7906350002, 40.0, 15, 15, 15]
Percent Improvement:    1.09711554023
Rank 1:     [1462.0, 122.29499849999999, 85.60649895, 167.0, 1748364.1923336436, 45.0, 15, 15, 15]
Max Atk:    [1462.0, 122.29499849999999, 85.60649895, 167.0, 1748364.1923336436, 45.0, 15, 15, 15]
Max Def:    [1462.0, 122.29499849999999, 85.60649895, 167.0, 1748364.1923336436, 45.0, 15, 15, 15]
Max Stam:   [1462.0, 122.29499849999999, 85.60649895, 167.0, 1748364.1923336436, 45.0, 15, 15, 15]
-----------

AGrimer GL
Stats @ lvl40 15/15/15:     [1374.0, 118.545, 82.9815, 162.0, 1593600.7906350002, 40, 15, 15, 15]

Best Spread <= lvl40:   [1374.0, 118.545, 82.9815, 162.0, 1593600.7906350002, 40.0, 15, 15, 15]
Percent Improvement:    1.09711554023
Rank 1:     [1462.0, 122.29499849999999, 85.60649895, 167.0, 1748364.1923336436, 45.0, 15, 15, 15]
Max Atk:    [1462.0, 122.29499849999999, 85.60649895, 167.0, 1748364.1923336436, 45.0, 15, 15, 15]
Max Def:    [1462.0, 122.29499849999999, 85.60649895, 167.0, 1748364.1923336436, 45.0, 15, 15, 15]
Max Stam:   [1462.0, 122.29499849999999, 85.60649895, 167.0, 1748364.1923336436, 45.0, 15, 15, 15]
-----------

Cloyster UL
Stats @ lvl40 15/15/15:     [2547.0, 158.8503, 214.1713, 120.0, 4082541.0307668, 40, 15, 15, 15]

Best Spread <= lvl40:   [2497.0, 155.6891, 214.1713, 120.0, 4001296.4331396003, 40.0, 11, 15, 15]
Percent Improvement:    1.02616209138
Rank 1:     [2496.0, 151.64579813999998, 220.1309973, 123.0, 4105978.7160522593, 45.0, 0, 14, 14]
Max Atk:    [2500.0, 163.373570779725, 208.890585524325, 112.0, 3822246.4962501684, 44.5, 15, 1, 1]
Max Def:    [2497.0, 158.98349805, 220.94629729, 111.0, 3899076.4899038975, 45.0, 9, 15, 0]
Max Stam:   [2493.0, 151.18151325885, 220.269839210475, 123.0, 4095989.496906152, 44.5, 0, 15, 15]
-----------

Krabby GL
Stats @ lvl40 15/15/15:     [1561.0, 154.8988, 109.8517, 92.0, 1565462.4787323198, 40, 15, 15, 15]

Best Spread <= lvl40:   [1497.0, 148.5764, 109.8517, 92.0, 1501566.05102896, 40.0, 7, 15, 15]
Percent Improvement:    1.02139137493
Rank 1:     [1496.0, 145.7593, 111.9367, 94.0, 1533686.61341314, 43.0, 0, 15, 15]
Max Atk:    [1500.0, 159.79879804, 105.9889987, 83.0, 1405763.9116110192, 45.0, 15, 6, 0]
Max Def:    [1495.0, 154.09169810999998, 113.32669861, 83.0, 1449404.3846912512, 45.0, 8, 15, 0]
Max Stam:   [1497.0, 147.117494085225, 108.91571385315, 95.0, 1522223.654414991, 44.5, 0, 10, 15]
-----------

Hitmonlee UL
Stats @ lvl40 15/15/15:     [2576.0, 188.8817, 154.8988, 120.0, 3510905.8406351996, 40, 15, 15, 15]

Best Spread <= lvl40:   [2490.0, 182.5593, 154.8988, 120.0, 3393385.9798608, 40.0, 7, 15, 15]
Percent Improvement:    1.01841455461
Rank 1:     [2500.0, 180.3872, 157.0335, 122.0, 3455873.6712864004, 43.0, 0, 14, 15]
Max Atk:    [2500.0, 194.260116499275, 148.743101754675, 111.0, 3207328.6025612615, 44.5, 15, 2, 0]
Max Def:    [2494.0, 186.70369771, 159.79879804, 111.0, 3311687.9396886467, 45.0, 5, 15, 0]
Max Stam:   [2499.0, 181.50719776, 153.9569981, 123.0, 3437149.305982735, 44.0, 0, 9, 15]
-----------

Hitmonchan UL
Stats @ lvl40 15/15/15:     [2332.0, 164.3824, 167.5436, 120.0, 3304946.2887167996, 40, 15, 15, 15]

Best Spread <= lvl40:   [2332.0, 164.3824, 167.5436, 120.0, 3304946.2887167996, 40.0, 15, 15, 15]
Percent Improvement:    1.09087446381
Rank 1:     [2473.0, 169.58239792, 172.84359788, 123.0, 3605281.5106141074, 45.0, 15, 15, 14]
Max Atk:    [2473.0, 169.58239792, 172.84359788, 123.0, 3605281.5106141074, 45.0, 15, 15, 14]
Max Def:    [2473.0, 169.58239792, 172.84359788, 123.0, 3605281.5106141074, 45.0, 15, 15, 14]
Max Stam:   [2473.0, 169.58239792, 172.84359788, 123.0, 3605281.5106141074, 45.0, 15, 15, 14]
-----------

Lickitung GL
Stats @ lvl40 15/15/15:     [1411.0, 97.2069, 120.1256, 175.0, 2043481.5076620004, 40, 15, 15, 15]

Best Spread <= lvl40:   [1411.0, 97.2069, 120.1256, 175.0, 2043481.5076620004, 40.0, 15, 15, 15]
Percent Improvement:    1.09467542013
Rank 1:     [1498.0, 100.28189877, 123.92559847999999, 180.0, 2236948.9779209443, 45.0, 15, 15, 14]
Max Atk:    [1498.0, 100.28189877, 123.92559847999999, 180.0, 2236948.9779209443, 45.0, 15, 15, 14]
Max Def:    [1498.0, 100.28189877, 123.92559847999999, 180.0, 2236948.9779209443, 45.0, 15, 15, 14]
Max Stam:   [1498.0, 100.28189877, 123.92559847999999, 180.0, 2236948.9779209443, 45.0, 15, 15, 14]
-----------

Kangaskhan UL
Stats @ lvl40 15/15/15:     [2586.0, 154.8988, 142.254, 195.0, 4296819.909564, 40, 15, 15, 15]

Best Spread <= lvl40:   [2497.0, 150.157, 142.254, 194.0, 4143924.172332, 40.0, 9, 15, 13]
Percent Improvement:    1.02726862402
Rank 1:     [2500.0, 146.66429818999998, 145.8539982, 199.0, 4256923.282557496, 44.0, 0, 15, 13]
Max Atk:    [2499.0, 157.8388, 133.6798, 187.0, 3945673.6734368796, 43.0, 15, 1, 0]
Max Def:    [2496.0, 149.19989816999998, 146.75399819999998, 190.0, 4160179.5016212678, 45.0, 2, 15, 1]
Max Stam:   [2499.0, 147.56929818999998, 141.86219825999999, 202.0, 4228770.017457604, 45.0, 0, 9, 15]
-----------

Starmie UL
Stats @ lvl40 15/15/15:     [2584.0, 177.8175, 157.2697, 134.0, 3747350.8538864995, 40, 15, 15, 15]

Best Spread <= lvl40:   [2492.0, 171.4951, 157.2697, 134.0, 3614111.7124149804, 40.0, 7, 15, 15]
Percent Improvement:    1.01982371114
Rank 1:     [2497.0, 169.113, 160.2547, 136.0, 3685756.8190296004, 43.0, 0, 15, 14]
Max Atk:    [2494.0, 182.31749775, 149.09519816, 125.0, 3397832.9318839507, 44.0, 15, 0, 0]
Max Def:    [2498.0, 174.47419786, 162.24469801, 126.0, 3566746.706333919, 45.0, 4, 15, 0]
Max Stam:   [2499.0, 170.68880529224998, 155.245532432475, 138.0, 3656817.07518446, 44.5, 0, 7, 15]
-----------

Jynx UL
Stats @ lvl40 15/15/15:     [2555.0, 188.0914, 131.1898, 140.0, 3454594.2406808, 40, 15, 15, 15]

Best Spread <= lvl40:   [2498.0, 184.9302, 131.1898, 139.0, 3372272.87732244, 40.0, 11, 15, 13]
Percent Improvement:    1.0225476303
Rank 1:     [2497.0, 180.3872, 133.6798, 143.0, 3448319.8490540804, 43.0, 1, 15, 15]
Max Atk:    [2497.0, 194.04139762, 123.11029848999999, 134.0, 3201058.2469756063, 45.0, 15, 0, 2]
Max Def:    [2500.0, 185.88839772, 135.33979834, 133.0, 3346027.0687356787, 45.0, 5, 15, 1]
Max Stam:   [2493.0, 181.81189777, 129.63269841, 145.0, 3417471.202090383, 45.0, 0, 8, 15]
-----------

Electabuzz UL
Stats @ lvl40 15/15/15:     [2334.0, 168.3339, 136.7219, 140.0, 3222090.2899374, 40, 15, 15, 15]

Best Spread <= lvl40:   [2334.0, 168.3339, 136.7219, 140.0, 3222090.2899374, 40.0, 15, 15, 15]
Percent Improvement:    1.10227733277
Rank 1:     [2484.0, 173.65889787, 141.04689826999999, 145.0, 3551637.0907247798, 45.0, 15, 15, 15]
Max Atk:    [2484.0, 173.65889787, 141.04689826999999, 145.0, 3551637.0907247798, 45.0, 15, 15, 15]
Max Def:    [2484.0, 173.65889787, 141.04689826999999, 145.0, 3551637.0907247798, 45.0, 15, 15, 15]
Max Stam:   [2484.0, 173.65889787, 141.04689826999999, 145.0, 3551637.0907247798, 45.0, 15, 15, 15]
-----------

Magmar UL
Stats @ lvl40 15/15/15:     [2394.0, 174.6563, 133.5607, 140.0, 3265810.4762373995, 40, 15, 15, 15]

Best Spread <= lvl40:   [2394.0, 174.6563, 133.5607, 140.0, 3265810.4762373995, 40.0, 15, 15, 15]
Percent Improvement:    1.07733893157
Rank 1:     [2490.0, 176.10479784, 137.78569831, 145.0, 3518384.769188238, 45.0, 10, 15, 15]
Max Atk:    [2496.0, 180.18129779, 136.15509833, 141.0, 3459096.926813249, 45.0, 15, 13, 10]
Max Def:    [2497.0, 180.18129779, 137.78569831, 139.0, 3450870.425437212, 45.0, 15, 15, 8]
Max Stam:   [2490.0, 176.10479784, 137.78569831, 145.0, 3518384.769188238, 45.0, 10, 15, 15]
-----------

Tauros UL
Stats @ lvl40 15/15/15:     [2620.0, 168.3339, 156.4794, 154.0, 4056481.30143564, 40, 15, 15, 15]

Best Spread <= lvl40:   [2491.0, 160.4309, 156.4794, 154.0, 3866036.16991284, 40.0, 5, 15, 14]
Percent Improvement:    1.01319887704
Rank 1:     [2491.0, 158.45940000000002, 158.45940000000002, 156.0, 3917063.5059441607, 42.0, 0, 15, 14]
Max Atk:    [2498.0, 170.99722912720802, 146.91311234872802, 145.0, 3642651.5944425715, 42.5, 15, 0, 0]
Max Def:    [2498.0, 161.42939802, 161.42939802, 148.0, 3856798.6806747383, 45.0, 0, 15, 1]
Max Stam:   [2497.0, 160.93515927554998, 151.18151325885, 159.0, 3868536.9256172394, 44.5, 0, 3, 15]
-----------

Lapras UL
Stats @ lvl40 15/15/15:     [2641.0, 142.254, 149.3667, 230.0, 4887042.424613999, 40, 15, 15, 15]

Best Spread <= lvl40:   [2500.0, 135.1413, 149.3667, 229.0, 4622504.69336859, 40.0, 6, 15, 13]
Percent Improvement:    1.01742682593
Rank 1:     [2498.0, 132.46264228164, 151.729935704424, 234.0, 4703060.278011736, 42.5, 0, 15, 15]
Max Atk:    [2499.0, 143.1540018, 138.38220174, 220.0, 4358192.510534704, 41.0, 15, 0, 0]
Max Def:    [2494.0, 134.112632729625, 153.61992476302498, 225.0, 4635533.823681644, 44.5, 0, 15, 0]
Max Stam:   [2500.0, 134.52449835, 145.12339821999998, 238.0, 4646391.257965482, 45.0, 0, 4, 15]
-----------

Omanyte GL
Stats @ lvl40 15/15/15:     [1544.0, 134.351, 132.7704, 99.0, 1765945.7650296, 40, 15, 15, 15]

Best Spread <= lvl40:   [1499.0, 130.3995, 132.7704, 99.0, 1714006.1837051997, 40.0, 10, 15, 15]
Percent Improvement:    1.03059584825
Rank 1:     [1499.0, 127.21709843, 136.13039831999998, 102.0, 1766447.6568038354, 44.0, 2, 15, 15]
Max Atk:    [1500.0, 138.6009983, 127.18679843999999, 92.0, 1621795.9855615688, 45.0, 15, 3, 2]
Max Def:    [1497.0, 134.52449835, 136.97039832, 90.0, 1658328.6710517912, 45.0, 10, 15, 0]
Max Stam:   [1499.0, 126.37149844999999, 136.97039832, 102.0, 1765533.7568571595, 45.0, 0, 15, 15]
-----------

Kabuto GL
Stats @ lvl40 15/15/15:     [1370.0, 128.8189, 122.4965, 92.0, 1451747.5233142, 40, 15, 15, 15]

Best Spread <= lvl40:   [1370.0, 128.8189, 122.4965, 92.0, 1451747.5233142, 40.0, 15, 15, 15]
Percent Improvement:    1.09897215336
Rank 1:     [1459.0, 132.89389837, 126.37149844999999, 95.0, 1595430.1018284964, 45.0, 15, 15, 15]
Max Atk:    [1459.0, 132.89389837, 126.37149844999999, 95.0, 1595430.1018284964, 45.0, 15, 15, 15]
Max Def:    [1459.0, 132.89389837, 126.37149844999999, 95.0, 1595430.1018284964, 45.0, 15, 15, 15]
Max Stam:   [1459.0, 132.89389837, 126.37149844999999, 95.0, 1595430.1018284964, 45.0, 15, 15, 15]
-----------

Bayleef GL
Stats @ lvl40 15/15/15:     [1454.0, 108.2711, 134.351, 134.0, 1949208.2945174, 40, 15, 15, 15]

Best Spread <= lvl40:   [1454.0, 108.2711, 134.351, 134.0, 1949208.2945174, 40.0, 15, 15, 15]
Percent Improvement:    1.05921427816
Rank 1:     [1500.0, 108.91571385315, 137.363848068525, 138.0, 2064629.2566598672, 44.5, 12, 14, 15]
Max Atk:    [1497.0, 111.69609863, 136.15509833, 132.0, 2007455.1145499435, 45.0, 15, 12, 7]
Max Def:    [1497.0, 111.69609863, 138.6009983, 129.0, 1997073.6101469905, 45.0, 15, 15, 4]
Max Stam:   [1491.0, 107.61959868, 138.6009983, 138.0, 2058433.3662896836, 45.0, 10, 15, 15]
-----------

Meganium UL
Stats @ lvl40 15/15/15:     [2410.0, 144.6249, 171.4951, 162.0, 4017998.7934543802, 40, 15, 15, 15]

Best Spread <= lvl40:   [2410.0, 144.6249, 171.4951, 162.0, 4017998.7934543802, 40.0, 15, 15, 15]
Percent Improvement:    1.0671397058
Rank 1:     [2495.0, 145.12339821999998, 176.92009783, 167.0, 4287766.050354242, 45.0, 10, 15, 15]
Max Atk:    [2499.0, 149.19989816999998, 167.95179794, 167.0, 4184751.3220694414, 45.0, 15, 4, 15]
Max Def:    [2495.0, 149.19989816999998, 176.92009783, 158.0, 4170640.771713065, 45.0, 15, 15, 4]
Max Stam:   [2495.0, 145.12339821999998, 176.92009783, 167.0, 4287766.050354242, 45.0, 10, 15, 15]
-----------

Crobat UL
Stats @ lvl40 15/15/15:     [2646.0, 165.1727, 152.5279, 168.0, 4232498.77147944, 40, 15, 15, 15]

Best Spread <= lvl40:   [2494.0, 155.6891, 152.5279, 168.0, 3989484.4879495194, 40.0, 3, 15, 15]
Percent Improvement:    1.00953480574
Rank 1:     [2497.0, 154.773960867418, 153.976156945421, 169.0, 4027523.4475400345, 41.5, 0, 15, 14]
Max Atk:    [2497.0, 166.741019697373, 142.009098115466, 157.0, 3717562.466694103, 41.5, 15, 0, 0]
Max Def:    [2496.0, 157.19819805999998, 156.38789807, 161.0, 3958007.219774187, 44.0, 0, 15, 1]
Max Stam:   [2495.0, 157.68394393665, 144.67908258104998, 173.0, 3946747.3239473095, 44.5, 0, 0, 15]
-----------

Flaaffy GL
Stats @ lvl40 15/15/15:     [1521.0, 126.44800000000001, 97.9972, 147.0, 1821557.8420032002, 40, 15, 15, 15]

Best Spread <= lvl40:   [1493.0, 124.0771, 97.9972, 147.0, 1787403.63246564, 40.0, 12, 15, 15]
Percent Improvement:    1.03738323776
Rank 1:     [1498.0, 120.66439851999999, 101.09719876, 152.0, 1854222.567425708, 45.0, 3, 15, 15]
Max Atk:    [1500.0, 130.4479984, 93.75949885, 141.0, 1724534.1927917136, 45.0, 15, 6, 1]
Max Def:    [1499.0, 125.55619845999999, 101.09719876, 141.0, 1789766.573127748, 45.0, 9, 15, 1]
Max Stam:   [1498.0, 120.66439851999999, 101.09719876, 152.0, 1854222.567425708, 45.0, 3, 15, 15]
-----------

Azumarill GL
Stats @ lvl40 15/15/15:     [1588.0, 100.3681, 131.9801, 189.0, 2503605.86433909, 40, 15, 15, 15]

Best Spread <= lvl40:   [1500.0, 94.836, 131.9801, 189.0, 2365611.8403204, 40.0, 8, 15, 15]
Percent Improvement:    1.02869832648
Rank 1:     [1497.0, 92.12889887, 136.15509833, 194.0, 2433500.9412278184, 45.0, 1, 15, 13]
Max Atk:    [1499.0, 101.321098093619, 122.064000065541, 179.0, 2213810.875856895, 41.5, 15, 1, 0]
Max Def:    [1497.0, 94.57479884, 136.15509833, 184.0, 2369338.750550431, 45.0, 4, 15, 1]
Max Stam:   [1490.0, 91.31359888, 136.15509833, 195.0, 2424398.3467026525, 45.0, 0, 15, 15]
-----------

Politoed UL
Stats @ lvl40 15/15/15:     [2449.0, 149.3667, 153.3182, 175.0, 4007610.8771895, 40, 15, 15, 15]

Best Spread <= lvl40:   [2449.0, 149.3667, 153.3182, 175.0, 4007610.8771895, 40.0, 15, 15, 15]
Percent Improvement:    1.04869821653
Rank 1:     [2498.0, 148.38459817999998, 157.35289807, 180.0, 4202774.37946358, 45.0, 8, 14, 14]
Max Atk:    [2498.0, 154.09169810999998, 145.93869820999998, 180.0, 4047829.5288855084, 45.0, 15, 0, 14]
Max Def:    [2496.0, 152.46109812999998, 158.16819806, 169.0, 4075350.0209645876, 45.0, 13, 15, 1]
Max Stam:   [2491.0, 147.56929818999998, 158.16819806, 180.0, 4201338.597064402, 45.0, 7, 15, 14]
-----------

Jumpluff GL
Stats @ lvl40 15/15/15:     [1636.0, 105.1099, 156.4794, 154.0, 2532920.24925324, 40, 15, 15, 15]

Best Spread <= lvl40:   [1497.0, 96.4166, 156.4794, 154.0, 2323430.60457816, 40.0, 4, 15, 14]
Percent Improvement:    1.01867014568
Rank 1:     [1499.0, 95.0254, 158.6441, 157.0, 2366809.39244198, 43.0, 0, 14, 14]
Max Atk:    [1498.0, 104.35672100000001, 145.157845, 142.0, 2151043.935890927, 39.0, 15, 2, 0]
Max Def:    [1497.0, 97.02069881, 161.42939802, 147.0, 2302312.971643571, 45.0, 1, 15, 0]
Max Stam:   [1500.0, 95.91085249755, 153.61992476302498, 159.0, 2342677.0531963636, 44.5, 0, 6, 15]
-----------

Yanma GL
Stats @ lvl40 15/15/15:     [1470.0, 133.5607, 86.1427, 140.0, 1610739.1036646, 40, 15, 15, 15]

Best Spread <= lvl40:   [1470.0, 133.5607, 86.1427, 140.0, 1610739.1036646, 40.0, 15, 15, 15]
Percent Improvement:    1.0566208752
Rank 1:     [1499.0, 132.07859838, 88.86769891, 145.0, 1701940.5614268547, 45.0, 8, 15, 15]
Max Atk:    [1499.0, 137.78569831, 83.97589897, 141.0, 1631465.5811915959, 45.0, 15, 9, 10]
Max Def:    [1497.0, 137.78569831, 88.86769891, 132.0, 1616300.1296002672, 45.0, 15, 15, 0]
Max Stam:   [1499.0, 132.07859838, 88.86769891, 145.0, 1701940.5614268547, 45.0, 8, 15, 15]
-----------

Murkrow GL
Stats @ lvl40 15/15/15:     [1562.0, 150.157, 80.6106, 134.0, 1621968.9458028004, 40, 15, 15, 15]

Best Spread <= lvl40:   [1496.0, 143.8346, 80.6106, 134.0, 1553675.5165058402, 40.0, 7, 15, 15]
Percent Improvement:    1.01959725772
Rank 1:     [1499.0, 141.365676113725, 82.395994077714, 136.0, 1584123.2960127585, 43.5, 0, 15, 14]
Max Atk:    [1499.0, 154.90699809999998, 70.93109912999999, 132.0, 1450379.5202373601, 45.0, 15, 0, 7]
Max Def:    [1500.0, 145.93869820999998, 83.16059898, 127.0, 1541316.3938031418, 45.0, 4, 15, 1]
Max Stam:   [1499.0, 142.240671076875, 80.46757963777499, 138.0, 1579515.2288100414, 44.5, 0, 12, 15]
-----------

Slowking UL
Stats @ lvl40 15/15/15:     [2545.0, 151.7376, 154.1085, 182.0, 4255897.815187199, 40, 15, 15, 15]

Best Spread <= lvl40:   [2498.0, 149.3667, 153.3182, 182.0, 4167915.3122770796, 40.0, 12, 14, 15]
Percent Improvement:    1.03486027246
Rank 1:     [2497.0, 144.30809822999998, 158.98349805, 188.0, 4313209.975667101, 45.0, 0, 15, 15]
Max Atk:    [2499.0, 155.57759808, 147.47459818, 175.0, 4015155.1584650693, 44.0, 15, 2, 0]
Max Def:    [2496.0, 149.19989816999998, 158.98349805, 176.0, 4174776.6226795893, 45.0, 6, 15, 0]
Max Stam:   [2497.0, 144.30809822999998, 158.98349805, 188.0, 4313209.975667101, 45.0, 0, 15, 15]
-----------

Steelix UL
Stats @ lvl40 15/15/15:     [2414.0, 128.8189, 226.8161, 154.0, 4499602.877660661, 40, 15, 15, 15]

Best Spread <= lvl40:   [2408.0, 128.8189, 226.8161, 154.0, 4499602.877660661, 40.0, 15, 15, 14]
Percent Improvement:    1.06532554512
Rank 1:     [2500.0, 130.45829838999998, 232.55609712999998, 158.0, 4793541.888464298, 44.0, 13, 15, 14]
Max Atk:    [2500.0, 132.89389837, 225.02279724, 157.0, 4694952.60933327, 45.0, 15, 4, 12]
Max Def:    [2489.0, 132.89389837, 233.99109712999999, 150.0, 4664398.362221852, 45.0, 15, 15, 3]
Max Stam:   [2490.0, 128.81739842, 233.99109712999999, 159.0, 4792597.777330771, 45.0, 10, 15, 15]
-----------

Granbull UL
Stats @ lvl40 15/15/15:     [2552.0, 179.3981, 115.3838, 175.0, 3622436.0358864996, 40, 15, 15, 15]

Best Spread <= lvl40:   [2496.0, 175.4466, 115.3838, 175.0, 3542646.6958889994, 40.0, 10, 15, 15]
Percent Improvement:    1.026846606
Rank 1:     [2500.0, 171.78359788, 118.30379854, 179.0, 3637754.7359368685, 44.0, 0, 15, 14]
Max Atk:    [2500.0, 185.07309773, 107.61959868, 169.0, 3366056.233204226, 45.0, 15, 1, 1]
Max Def:    [2496.0, 176.10479784, 119.03379853999999, 168.0, 3521687.0687063495, 45.0, 4, 15, 0]
Max Stam:   [2495.0, 172.3144129617, 116.23094836567499, 180.0, 3605088.1744103306, 44.5, 0, 12, 15]
-----------

Piloswine UL
Stats @ lvl40 15/15/15:     [2345.0, 154.8988, 120.9159, 189.0, 3539918.5562638794, 40, 15, 15, 15]

Best Spread <= lvl40:   [2345.0, 154.8988, 120.9159, 189.0, 3539918.5562638794, 40.0, 15, 15, 15]
Percent Improvement:    1.09805404797
Rank 1:     [2496.0, 159.79879804, 124.74089846999999, 195.0, 3887021.900177457, 45.0, 15, 15, 15]
Max Atk:    [2496.0, 159.79879804, 124.74089846999999, 195.0, 3887021.900177457, 45.0, 15, 15, 15]
Max Def:    [2496.0, 159.79879804, 124.74089846999999, 195.0, 3887021.900177457, 45.0, 15, 15, 15]
Max Stam:   [2496.0, 159.79879804, 124.74089846999999, 195.0, 3887021.900177457, 45.0, 15, 15, 15]
-----------

Corsola GL
Stats @ lvl40 15/15/15:     [1378.0, 105.1099, 135.1413, 127.0, 1803995.44316649, 40, 15, 15, 15]

Best Spread <= lvl40:   [1378.0, 105.1099, 135.1413, 127.0, 1803995.44316649, 40.0, 15, 15, 15]
Percent Improvement:    1.09778801428
Rank 1:     [1466.0, 108.43489867, 139.41629829, 131.0, 1980404.575320966, 45.0, 15, 15, 15]
Max Atk:    [1466.0, 108.43489867, 139.41629829, 131.0, 1980404.575320966, 45.0, 15, 15, 15]
Max Def:    [1466.0, 108.43489867, 139.41629829, 131.0, 1980404.575320966, 45.0, 15, 15, 15]
Max Stam:   [1466.0, 108.43489867, 139.41629829, 131.0, 1980404.575320966, 45.0, 15, 15, 15]
-----------

Octillery UL
Stats @ lvl40 15/15/15:     [2315.0, 167.5436, 123.2868, 154.0, 3181010.80288992, 40, 15, 15, 15]

Best Spread <= lvl40:   [2309.0, 167.5436, 123.2868, 154.0, 3181010.80288992, 40.0, 15, 15, 14]
Percent Improvement:    1.09882191793
Rank 1:     [2464.0, 172.84359788, 127.18679843999999, 159.0, 3495364.391388067, 45.0, 15, 15, 15]
Max Atk:    [2464.0, 172.84359788, 127.18679843999999, 159.0, 3495364.391388067, 45.0, 15, 15, 15]
Max Def:    [2464.0, 172.84359788, 127.18679843999999, 159.0, 3495364.391388067, 45.0, 15, 15, 15]
Max Stam:   [2464.0, 172.84359788, 127.18679843999999, 159.0, 3495364.391388067, 45.0, 15, 15, 15]
-----------

Houndoom UL
Stats @ lvl40 15/15/15:     [2635.0, 188.8817, 125.6577, 154.0, 3655103.75908986, 40, 15, 15, 15]

Best Spread <= lvl40:   [2496.0, 179.3981, 125.6577, 154.0, 3471583.90507698, 40.0, 3, 15, 14]
Percent Improvement:    1.00579888635
Rank 1:     [2494.0, 178.14720223999998, 126.45270158999999, 155.0, 3491715.2256119545, 41.0, 0, 15, 14]
Max Atk:    [2495.0, 191.87013033522402, 116.40656442932001, 145.0, 3238566.689894746, 42.5, 15, 1, 0]
Max Def:    [2495.0, 181.50719776, 128.83769841, 146.0, 3414205.562220078, 44.0, 0, 15, 0]
Max Stam:   [2494.0, 182.0680589784, 117.856556035125, 159.0, 3411808.3888358846, 44.5, 0, 1, 15]
-----------

Kingdra UL
Stats @ lvl40 15/15/15:     [2641.0, 165.1727, 165.1727, 154.0, 4201431.20709466, 40, 15, 15, 15]

Best Spread <= lvl40:   [2496.0, 156.4794, 165.1727, 154.0, 3980303.2488265196, 40.0, 4, 15, 14]
Percent Improvement:    1.01146017409
Rank 1:     [2499.0, 154.773960867418, 166.741019697373, 156.0, 4025918.2169909948, 41.5, 0, 15, 15]
Max Atk:    [2499.0, 166.741019697373, 154.773960867418, 145.0, 3742039.3683570144, 41.5, 15, 0, 1]
Max Def:    [2492.0, 157.68394393665, 169.87600145752498, 147.0, 3937647.529831564, 44.5, 0, 15, 0]
Max Stam:   [2499.0, 157.68394393665, 157.68394393665, 159.0, 3953411.961891236, 44.5, 0, 0, 15]
-----------

Miltank UL
Stats @ lvl40 15/15/15:     [2354.0, 135.9316, 164.3824, 182.0, 4066746.80117888, 40, 15, 15, 15]

Best Spread <= lvl40:   [2354.0, 135.9316, 164.3824, 182.0, 4066746.80117888, 40.0, 15, 15, 15]
Percent Improvement:    1.09406816675
Rank 1:     [2500.0, 140.23159828, 168.76709793, 188.0, 4449298.217402621, 45.0, 15, 14, 15]
Max Atk:    [2500.0, 140.23159828, 168.76709793, 188.0, 4449298.217402621, 45.0, 15, 14, 15]
Max Def:    [2500.0, 140.23159828, 169.58239792, 187.0, 4447011.600989114, 45.0, 15, 15, 14]
Max Stam:   [2491.0, 139.41629829, 169.58239792, 188.0, 4444799.43255186, 45.0, 14, 15, 15]
-----------

Ludicolo UL
Stats @ lvl40 15/15/15:     [2323.0, 148.5764, 150.9473, 162.0, 3633207.4406426405, 40, 15, 15, 15]

Best Spread <= lvl40:   [2323.0, 148.5764, 150.9473, 162.0, 3633207.4406426405, 40.0, 15, 15, 15]
Percent Improvement:    1.09711554023
Rank 1:     [2472.0, 153.27639811999998, 155.72229808999998, 167.0, 3986048.344020093, 45.0, 15, 15, 15]
Max Atk:    [2472.0, 153.27639811999998, 155.72229808999998, 167.0, 3986048.344020093, 45.0, 15, 15, 15]
Max Def:    [2472.0, 153.27639811999998, 155.72229808999998, 167.0, 3986048.344020093, 45.0, 15, 15, 15]
Max Stam:   [2472.0, 153.27639811999998, 155.72229808999998, 167.0, 3986048.344020093, 45.0, 15, 15, 15]
-----------

Shiftry UL
Stats @ lvl40 15/15/15:     [2333.0, 169.9145, 107.4808, 175.0, 3195945.61853, 40, 15, 15, 15]

Best Spread <= lvl40:   [2333.0, 169.9145, 107.4808, 175.0, 3195945.61853, 40.0, 15, 15, 15]
Percent Improvement:    1.09467542013
Rank 1:     [2477.0, 175.28949785, 110.88079864, 180.0, 3498523.112666261, 45.0, 15, 15, 14]
Max Atk:    [2477.0, 175.28949785, 110.88079864, 180.0, 3498523.112666261, 45.0, 15, 15, 14]
Max Def:    [2477.0, 175.28949785, 110.88079864, 180.0, 3498523.112666261, 45.0, 15, 15, 14]
Max Stam:   [2477.0, 175.28949785, 110.88079864, 180.0, 3498523.112666261, 45.0, 15, 15, 14]
-----------

Breloom UL
Stats @ lvl40 15/15/15:     [2628.0, 202.3168, 125.6577, 134.0, 3406636.9437542404, 40, 15, 15, 15]

Best Spread <= lvl40:   [2495.0, 192.0429, 125.6577, 134.0, 3233643.6614542203, 40.0, 2, 15, 15]
Percent Improvement:    1.00548990268
Rank 1:     [2498.0, 191.66730241, 125.65740158, 135.0, 3251396.0504729706, 41.0, 0, 14, 15]
Max Atk:    [2495.0, 206.797789057792, 116.323756345008, 125.0, 3006936.953380619, 43.5, 15, 0, 0]
Max Def:    [2499.0, 195.88572416872498, 129.235809721275, 125.0, 3164431.2719729375, 44.5, 0, 15, 0]
Max Stam:   [2499.0, 195.88572416872498, 117.856556035125, 138.0, 3185925.5221221875, 44.5, 0, 1, 15]
-----------

Exploud UL
Stats @ lvl40 15/15/15:     [2347.0, 153.3182, 120.1256, 195.0, 3591400.9493544, 40, 15, 15, 15]

Best Spread <= lvl40:   [2347.0, 153.3182, 120.1256, 195.0, 3591400.9493544, 40.0, 15, 15, 15]
Percent Improvement:    1.09701447017
Rank 1:     [2498.0, 158.16819806, 123.92559847999999, 201.0, 3939818.8096228233, 45.0, 15, 15, 15]
Max Atk:    [2498.0, 158.16819806, 123.92559847999999, 201.0, 3939818.8096228233, 45.0, 15, 15, 15]
Max Def:    [2498.0, 158.16819806, 123.92559847999999, 201.0, 3939818.8096228233, 45.0, 15, 15, 15]
Max Stam:   [2498.0, 158.16819806, 123.92559847999999, 201.0, 3939818.8096228233, 45.0, 15, 15, 15]
-----------

Delcatty GL
Stats @ lvl40 15/15/15:     [1496.0, 116.1741, 112.2226, 147.0, 1916491.85453502, 40, 15, 15, 15]

Best Spread <= lvl40:   [1496.0, 116.1741, 112.2226, 147.0, 1916491.85453502, 40.0, 15, 15, 15]
Percent Improvement:    1.03324995988
Rank 1:     [1500.0, 113.32669861, 114.95729859, 152.0, 1980215.1318099634, 45.0, 7, 14, 15]
Max Atk:    [1499.0, 119.84909852999999, 104.35839872, 150.0, 1876089.0015939458, 45.0, 15, 1, 12]
Max Def:    [1500.0, 117.40319855999999, 115.77259858, 141.0, 1916482.3464241826, 45.0, 12, 15, 1]
Max Stam:   [1494.0, 112.51139862, 115.77259858, 152.0, 1979912.022192359, 45.0, 6, 15, 15]
-----------

Sableye GL
Stats @ lvl40 15/15/15:     [1476.0, 123.2868, 119.3353, 120.0, 1765496.0716848, 40, 15, 15, 15]

Best Spread <= lvl40:   [1476.0, 123.2868, 119.3353, 120.0, 1765496.0716848, 40.0, 15, 15, 15]
Percent Improvement:    1.04197127847
Rank 1:     [1500.0, 122.29499849999999, 122.29499849999999, 123.0, 1839596.198948145, 45.0, 9, 14, 14]
Max Atk:    [1498.0, 127.18679843999999, 116.58789857, 119.0, 1764584.5451599245, 45.0, 15, 7, 9]
Max Def:    [1496.0, 127.18679843999999, 123.11029848999999, 112.0, 1753696.5286328166, 45.0, 15, 15, 1]
Max Stam:   [1495.0, 121.47969850999999, 123.11029848999999, 123.0, 1839514.4391170808, 45.0, 8, 15, 14]
-----------

Mawile GL
Stats @ lvl40 15/15/15:     [1634.0, 134.351, 123.2868, 120.0, 1987644.584016, 40, 15, 15, 15]

Best Spread <= lvl40:   [1500.0, 123.2868, 123.2868, 120.0, 1823956.2065088, 40.0, 1, 15, 15]
Percent Improvement:    1.0
Rank 1:     [1500.0, 123.2868, 123.2868, 120.0, 1823956.2065088, 40.0, 1, 15, 15]
Max Atk:    [1499.0, 135.20100169999998, 112.13730140999999, 109.0, 1652557.2271637833, 41.0, 15, 0, 1]
Max Def:    [1497.0, 125.984594382375, 126.7973982171, 111.0, 1773171.584926522, 44.5, 0, 15, 0]
Max Stam:   [1500.0, 125.59649845, 115.87289856999999, 123.0, 1790047.3300542133, 44.0, 0, 2, 15]
-----------

Medicham GL
Stats @ lvl40 15/15/15:     [1431.0, 107.4808, 131.9801, 134.0, 1900833.7820987199, 40, 15, 15, 15]

Best Spread <= lvl40:   [1431.0, 107.4808, 131.9801, 134.0, 1900833.7820987199, 40.0, 15, 15, 15]
Percent Improvement:    1.07991876618
Rank 1:     [1500.0, 109.25019866, 136.15509833, 138.0, 2052746.0726751578, 45.0, 13, 15, 15]
Max Atk:    [1500.0, 110.88079864, 134.52449835, 136.0, 2028600.998662297, 45.0, 15, 13, 12]
Max Def:    [1500.0, 110.88079864, 136.15509833, 134.0, 2022996.129592909, 45.0, 15, 15, 10]
Max Stam:   [1500.0, 109.25019866, 136.15509833, 138.0, 2052746.0726751578, 45.0, 13, 15, 15]
-----------

Manectric UL
Stats @ lvl40 15/15/15:     [2340.0, 181.769, 112.2226, 147.0, 2998592.6975718, 40, 15, 15, 15]

Best Spread <= lvl40:   [2340.0, 181.769, 112.2226, 147.0, 2998592.6975718, 40.0, 15, 15, 15]
Percent Improvement:    1.10046735357
Rank 1:     [2491.0, 187.5189977, 115.77259858, 152.0, 3299853.3703205986, 45.0, 15, 15, 15]
Max Atk:    [2491.0, 187.5189977, 115.77259858, 152.0, 3299853.3703205986, 45.0, 15, 15, 15]
Max Def:    [2491.0, 187.5189977, 115.77259858, 152.0, 3299853.3703205986, 45.0, 15, 15, 15]
Max Stam:   [2491.0, 187.5189977, 115.77259858, 152.0, 3299853.3703205986, 45.0, 15, 15, 15]
-----------

Wailmer GL
Stats @ lvl40 15/15/15:     [1468.0, 119.3353, 65.5949, 230.0, 1800391.0260931, 40, 15, 15, 15]

Best Spread <= lvl40:   [1468.0, 119.3353, 65.5949, 230.0, 1800391.0260931, 40.0, 15, 15, 15]
Percent Improvement:    1.05752607912
Rank 1:     [1500.0, 118.21849854999999, 67.66989917, 238.0, 1903960.4627039349, 45.0, 9, 15, 15]
Max Atk:    [1499.0, 123.11029848999999, 63.593399219999995, 233.0, 1824157.549872528, 45.0, 15, 10, 9]
Max Def:    [1499.0, 120.66439851999999, 67.66989917, 228.0, 1861699.271326618, 45.0, 12, 15, 3]
Max Stam:   [1500.0, 118.21849854999999, 67.66989917, 238.0, 1903960.4627039349, 45.0, 9, 15, 15]
-----------

Grumpig UL
Stats @ lvl40 15/15/15:     [2369.0, 146.9958, 160.4309, 162.0, 3820392.2954156403, 40, 15, 15, 15]

Best Spread <= lvl40:   [2369.0, 146.9958, 160.4309, 162.0, 3820392.2954156403, 40.0, 15, 15, 15]
Percent Improvement:    1.08531859894
Rank 1:     [2495.0, 150.01519815999998, 165.50589797, 167.0, 4146342.8134632544, 45.0, 13, 15, 15]
Max Atk:    [2497.0, 151.64579813999998, 162.24469801, 167.0, 4108822.362859523, 45.0, 15, 11, 15]
Max Def:    [2491.0, 151.64579813999998, 165.50589797, 163.0, 4091018.6611097027, 45.0, 15, 15, 10]
Max Stam:   [2495.0, 150.01519815999998, 165.50589797, 167.0, 4146342.8134632544, 45.0, 13, 15, 15]
-----------

Flygon UL
Stats @ lvl40 15/15/15:     [2661.0, 173.866, 144.6249, 162.0, 4073547.1638708003, 40, 15, 15, 15]

Best Spread <= lvl40:   [2492.0, 162.80180000000001, 144.6249, 162.0, 3814321.43526084, 40.0, 1, 15, 15]
Percent Improvement:    1.00291638741
Rank 1:     [2497.0, 163.03650205, 143.94930180999998, 163.0, 3825445.474261667, 41.0, 0, 13, 15]
Max Atk:    [2500.0, 174.9660022, 135.20100169999998, 151.0, 3571992.3928935444, 41.0, 15, 2, 0]
Max Def:    [2500.0, 165.59979201893498, 147.828107021781, 154.0, 3769966.7817134084, 43.5, 0, 15, 1]
Max Stam:   [2497.0, 166.11149795, 136.13039831999998, 166.0, 3753728.84732325, 44.0, 0, 0, 15]
-----------

Zangoose UL
Stats @ lvl40 15/15/15:     [2418.0, 187.3011, 109.8517, 151.0, 3106876.9812773694, 40, 15, 15, 15]

Best Spread <= lvl40:   [2418.0, 187.3011, 109.8517, 151.0, 3106876.9812773694, 40.0, 15, 15, 15]
Percent Improvement:    1.06703349183
Rank 1:     [2497.0, 187.5189977, 113.32669861, 156.0, 3315141.7940155603, 45.0, 8, 15, 15]
Max Atk:    [2500.0, 193.22609763, 109.25019866, 153.0, 3229828.40151323, 45.0, 15, 10, 11]
Max Def:    [2498.0, 193.22609763, 113.32669861, 147.0, 3218958.3322661123, 45.0, 15, 15, 4]
Max Stam:   [2497.0, 187.5189977, 113.32669861, 156.0, 3315141.7940155603, 45.0, 8, 15, 15]
-----------

Lunatone UL
Stats @ lvl40 15/15/15:     [2327.0, 152.5279, 132.7704, 175.0, 3543958.301478, 40, 15, 15, 15]

Best Spread <= lvl40:   [2327.0, 152.5279, 132.7704, 175.0, 3543958.301478, 40.0, 15, 15, 15]
Percent Improvement:    1.09467542013
Rank 1:     [2471.0, 157.35289807, 136.97039832, 180.0, 3879484.0425817664, 45.0, 15, 15, 14]
Max Atk:    [2471.0, 157.35289807, 136.97039832, 180.0, 3879484.0425817664, 45.0, 15, 15, 14]
Max Def:    [2471.0, 157.35289807, 136.97039832, 180.0, 3879484.0425817664, 45.0, 15, 15, 14]
Max Stam:   [2471.0, 157.35289807, 136.97039832, 180.0, 3879484.0425817664, 45.0, 15, 15, 14]
-----------

Solrock UL
Stats @ lvl40 15/15/15:     [2327.0, 152.5279, 132.7704, 175.0, 3543958.301478, 40, 15, 15, 15]

Best Spread <= lvl40:   [2327.0, 152.5279, 132.7704, 175.0, 3543958.301478, 40.0, 15, 15, 15]
Percent Improvement:    1.09467542013
Rank 1:     [2471.0, 157.35289807, 136.97039832, 180.0, 3879484.0425817664, 45.0, 15, 15, 14]
Max Atk:    [2471.0, 157.35289807, 136.97039832, 180.0, 3879484.0425817664, 45.0, 15, 15, 14]
Max Def:    [2471.0, 157.35289807, 136.97039832, 180.0, 3879484.0425817664, 45.0, 15, 15, 14]
Max Stam:   [2471.0, 157.35289807, 136.97039832, 180.0, 3879484.0425817664, 45.0, 15, 15, 14]
-----------

Crawdaunt UL
Stats @ lvl40 15/15/15:     [2474.0, 188.8817, 124.0771, 138.0, 3234153.3139116596, 40, 15, 15, 15]

Best Spread <= lvl40:   [2474.0, 188.8817, 124.0771, 138.0, 3234153.3139116596, 40.0, 15, 15, 15]
Percent Improvement:    1.03832599747
Rank 1:     [2496.0, 185.3192743173, 127.610202051825, 142.0, 3358105.4656414096, 44.5, 4, 15, 15]
Max Atk:    [2498.0, 194.85669761, 116.58789857, 141.0, 3203228.538426217, 45.0, 15, 1, 13]
Max Def:    [2496.0, 193.22609763, 128.00209843, 130.0, 3215334.975850406, 45.0, 13, 15, 0]
Max Stam:   [2490.0, 184.25779774, 128.00209843, 142.0, 3349124.6363190925, 45.0, 2, 15, 15]
-----------

Anorith GL
Stats @ lvl40 15/15/15:     [1529.0, 150.9473, 90.8845, 113.0, 1550220.99721405, 40, 15, 15, 15]

Best Spread <= lvl40:   [1497.0, 147.7861, 90.8845, 113.0, 1517755.6360158501, 40.0, 11, 15, 15]
Percent Improvement:    1.02825662692
Rank 1:     [1500.0, 143.49279823999998, 93.75949885, 116.0, 1560642.290781721, 45.0, 0, 15, 15]
Max Atk:    [1500.0, 155.72229808999998, 85.60649895, 108.0, 1439730.8007767824, 45.0, 15, 5, 5]
Max Def:    [1500.0, 151.64579813999998, 93.75949885, 104.0, 1478696.3397767248, 45.0, 10, 15, 0]
Max Stam:   [1500.0, 143.49279823999998, 93.75949885, 116.0, 1560642.290781721, 45.0, 0, 15, 15]
-----------

Castform GL
Stats @ lvl40 15/15/15:     [1632.0, 121.7062, 121.7062, 147.0, 2177422.6704106797, 40, 15, 15, 15]

Best Spread <= lvl40:   [1500.0, 112.2226, 120.9159, 147.0, 1994716.01186298, 40.0, 3, 14, 15]
Percent Improvement:    1.01112246498
Rank 1:     [1496.0, 110.894745157583, 122.064000065541, 149.0, 2016902.1708473212, 41.5, 0, 14, 15]
Max Atk:    [1496.0, 122.09180779657399, 110.199748595609, 136.0, 1829810.167368158, 40.5, 15, 0, 0]
Max Def:    [1498.0, 112.979733026775, 125.17179054764999, 140.0, 1979862.5669979653, 44.5, 0, 15, 1]
Max Stam:   [1500.0, 113.32669861, 114.95729859, 152.0, 1980215.1318099634, 45.0, 0, 2, 15]
-----------

Dusclops GL
Stats @ lvl40 15/15/15:     [1591.0, 109.8517, 196.7847, 106.0, 2291416.18587294, 40, 15, 15, 15]

Best Spread <= lvl40:   [1500.0, 103.5293, 196.7847, 106.0, 2159536.11762126, 40.0, 7, 15, 15]
Percent Improvement:    1.02816820777
Rank 1:     [1499.0, 101.09719876, 199.74849755, 110.0, 2221341.4914706093, 45.0, 0, 11, 15]
Max Atk:    [1498.0, 111.24170000000001, 188.8708, 96.0, 2016989.6517465601, 42.0, 15, 2, 0]
Max Def:    [1499.0, 105.9889987, 203.00969751, 98.0, 2108645.8674165285, 45.0, 6, 15, 1]
Max Stam:   [1499.0, 101.09719876, 199.74849755, 110.0, 2221341.4914706093, 45.0, 0, 11, 15]
-----------

Absol UL
Stats @ lvl40 15/15/15:     [2526.0, 206.2683, 106.6905, 140.0, 3080961.5285610002, 40, 15, 15, 15]

Best Spread <= lvl40:   [2497.0, 203.8974, 106.6905, 140.0, 3045548.177658, 40.0, 12, 15, 15]
Percent Improvement:    1.02326804898
Rank 1:     [2496.0, 199.33379754, 109.39049865, 143.0, 3118146.9620299204, 44.0, 0, 15, 14]
Max Atk:    [2499.0, 212.79329739, 97.8359988, 141.0, 2935457.1151215476, 45.0, 15, 0, 10]
Max Def:    [2494.0, 206.27089747, 110.06549865, 132.0, 2996836.8126864512, 45.0, 7, 15, 0]
Max Stam:   [2496.0, 200.56379754, 106.80429869, 145.0, 3106055.9821351124, 45.0, 0, 11, 15]
-----------

Huntail UL
Stats @ lvl40 15/15/15:     [2340.0, 167.5436, 153.3182, 127.0, 3262310.36303704, 40, 15, 15, 15]

Best Spread <= lvl40:   [2340.0, 167.5436, 153.3182, 127.0, 3262310.36303704, 40.0, 15, 15, 15]
Percent Improvement:    1.09778801428
Rank 1:     [2490.0, 172.84359788, 158.16819806, 131.0, 3581325.215398176, 45.0, 15, 15, 15]
Max Atk:    [2490.0, 172.84359788, 158.16819806, 131.0, 3581325.215398176, 45.0, 15, 15, 15]
Max Def:    [2490.0, 172.84359788, 158.16819806, 131.0, 3581325.215398176, 45.0, 15, 15, 15]
Max Stam:   [2490.0, 172.84359788, 158.16819806, 131.0, 3581325.215398176, 45.0, 15, 15, 15]
-----------

Gorebyss UL
Stats @ lvl40 15/15/15:     [2494.0, 178.6078, 153.3182, 127.0, 3477745.95304892, 40, 15, 15, 15]

Best Spread <= lvl40:   [2494.0, 178.6078, 153.3182, 127.0, 3477745.95304892, 40.0, 15, 15, 15]
Percent Improvement:    1.02978344702
Rank 1:     [2490.0, 172.84359788, 158.16819806, 131.0, 3581325.215398176, 45.0, 1, 15, 15]
Max Atk:    [2497.0, 184.25779774, 149.19989816999998, 123.0, 3381423.0931598837, 45.0, 15, 4, 5]
Max Def:    [2494.0, 181.81189777, 158.16819806, 119.0, 3422066.37048183, 45.0, 12, 15, 0]
Max Stam:   [2490.0, 172.84359788, 158.16819806, 131.0, 3581325.215398176, 45.0, 1, 15, 15]
-----------

Relicanth UL
Stats @ lvl40 15/15/15:     [2528.0, 139.8831, 172.2854, 189.0, 4554865.19314386, 40, 15, 15, 15]

Best Spread <= lvl40:   [2500.0, 138.3025, 172.2854, 189.0, 4503397.7898315005, 40.0, 13, 15, 15]
Percent Improvement:    1.02999883005
Rank 1:     [2498.0, 134.52449835, 177.73539782, 194.0, 4638494.454769997, 45.0, 3, 15, 13]
Max Atk:    [2499.0, 143.86627874632498, 164.999178449175, 182.0, 4320282.839542421, 44.5, 15, 0, 0]
Max Def:    [2498.0, 137.78569831, 177.73539782, 185.0, 4530538.242061355, 45.0, 7, 15, 2]
Max Stam:   [2493.0, 133.70919836, 177.73539782, 195.0, 4634147.224728039, 45.0, 2, 15, 15]
-----------

Registeel UL
Stats @ lvl40 15/15/15:     [2447.0, 124.8674, 237.09, 162.0, 4795979.522292, 40, 15, 15, 15]

Best Spread <= lvl40:   [2447.0, 124.8674, 237.09, 162.0, 4795979.522292, 40.0, 15, 15, 15]
Percent Improvement:    1.04913284739
Rank 1:     [2499.0, 123.92559847999999, 244.58999699999998, 166.0, 5031619.652234103, 45.0, 9, 15, 14]
Max Atk:    [2499.0, 128.81739842, 238.06759707999998, 158.0, 4845425.263623528, 45.0, 15, 7, 4]
Max Def:    [2498.0, 128.00209843, 244.58999699999998, 155.0, 4852745.095003047, 45.0, 14, 15, 1]
Max Stam:   [2489.0, 123.11029848999999, 244.58999699999998, 167.0, 5028628.43890248, 45.0, 8, 15, 15]
-----------

DeoxysAtk UL
Stats @ lvl40 15/15/15:     [2580.0, 339.0387, 48.2083, 120.0, 1961337.5233452, 40, 15, 15, 15]

Best Spread <= lvl40:   [2495.0, 327.9745, 48.2083, 120.0, 1897331.1706019999, 40.0, 1, 15, 15]
Percent Improvement:    1.0
Rank 1:     [2495.0, 327.9745, 48.2083, 120.0, 1897331.1706019999, 40.0, 1, 15, 15]
Max Atk:    [2499.0, 349.76369571, 43.21089947, 118.0, 1783405.2594424966, 45.0, 15, 7, 8]
Max Def:    [2500.0, 336.50078757615, 49.581033918224996, 111.0, 1851930.3228177994, 44.5, 0, 15, 0]
Max Stam:   [2500.0, 336.50078757615, 44.704210909874995, 123.0, 1850289.2680346202, 44.5, 0, 9, 15]
-----------

Monferno GL
Stats @ lvl40 15/15/15:     [1574.0, 136.7219, 94.836, 139.0, 1802295.9770676, 40, 15, 15, 15]

Best Spread <= lvl40:   [1497.0, 130.3995, 94.836, 139.0, 1718952.810498, 40.0, 7, 15, 14]
Percent Improvement:    1.02205572416
Rank 1:     [1498.0, 127.633010434106, 96.93646362083999, 142.0, 1756865.559532489, 43.5, 0, 15, 14]
Max Atk:    [1499.0, 141.04689826999999, 85.60649895, 132.0, 1593838.1116219994, 45.0, 15, 0, 0]
Max Def:    [1492.0, 131.26329839, 97.8359988, 132.0, 1695180.4192973867, 45.0, 3, 15, 0]
Max Stam:   [1498.0, 128.81739842, 93.75949885, 144.0, 1739211.0795388771, 45.0, 0, 10, 15]
-----------

Infernape UL
Stats @ lvl40 15/15/15:     [2683.0, 187.3011, 131.1898, 156.0, 3833231.0404096795, 40, 15, 15, 15]

Best Spread <= lvl40:   [2498.0, 175.4466, 129.6092, 156.0, 3547360.9811203196, 40.0, 0, 13, 15]
Percent Improvement:    1.0
Rank 1:     [2500.0, 175.60661447249998, 130.720618845, 155.0, 3558087.824153682, 39.5, 1, 15, 14]
Max Atk:    [2498.0, 188.48610237, 120.09030150999999, 146.0, 3304761.518152471, 41.0, 15, 0, 1]
Max Def:    [2500.0, 178.222464160752, 133.265446174256, 147.0, 3491381.742084721, 42.5, 0, 15, 1]
Max Stam:   [2497.0, 178.7766, 122.4056, 159.0, 3479437.8612446403, 43.0, 0, 1, 15]
-----------

Luxio GL
Stats @ lvl40 15/15/15:     [1486.0, 137.5122, 86.933, 134.0, 1601882.6430684002, 40, 15, 15, 15]

Best Spread <= lvl40:   [1486.0, 137.5122, 86.933, 134.0, 1601882.6430684002, 40.0, 15, 15, 15]
Percent Improvement:    1.03934538999
Rank 1:     [1499.0, 134.52449835, 89.6829989, 138.0, 1664909.340381362, 45.0, 6, 15, 15]
Max Atk:    [1499.0, 141.86219825999999, 87.23709893, 128.0, 1584082.7678764663, 45.0, 15, 12, 2]
Max Def:    [1497.0, 140.23159828, 89.6829989, 127.0, 1597201.5648348911, 45.0, 13, 15, 1]
Max Stam:   [1499.0, 134.52449835, 89.6829989, 138.0, 1664909.340381362, 45.0, 6, 15, 15]
-----------

Bastiodon GL
Stats @ lvl40 15/15/15:     [1539.0, 86.1427, 237.8803, 134.0, 2745881.2767205406, 40, 15, 15, 15]

Best Spread <= lvl40:   [1497.0, 83.7718, 237.8803, 134.0, 2670306.56268236, 40.0, 12, 15, 15]
Percent Improvement:    1.02767536682
Rank 1:     [1494.0, 81.28038347249999, 244.653954252225, 138.0, 2744208.276316436, 44.5, 6, 15, 15]
Max Atk:    [1500.0, 88.050621122263, 231.839708826509, 125.0, 2551703.7953723394, 43.5, 15, 1, 0]
Max Def:    [1498.0, 84.79119896, 245.40529698999998, 127.0, 2642642.5890904563, 45.0, 10, 15, 1]
Max Stam:   [1488.0, 80.71469901, 245.40529698999998, 138.0, 2733478.426117036, 45.0, 5, 15, 15]
-----------

WormadamT GL
Stats @ lvl40 15/15/15:     [1593.0, 112.2226, 150.157, 134.0, 2258035.1990588, 40, 15, 15, 15]

Best Spread <= lvl40:   [1500.0, 105.9002, 149.3667, 134.0, 2119607.0960475598, 40.0, 7, 14, 15]
Percent Improvement:    1.0269676886
Rank 1:     [1499.0, 103.22608701007499, 152.80712092829998, 138.0, 2176768.000177117, 44.5, 0, 13, 15]
Max Atk:    [1497.0, 113.6426, 140.0525, 124.0, 1973575.3493260003, 42.0, 15, 0, 0]
Max Def:    [1499.0, 106.80429869, 154.90699809999998, 127.0, 2101181.128368945, 45.0, 4, 15, 1]
Max Stam:   [1499.0, 103.22608701007499, 152.80712092829998, 138.0, 2176768.000177117, 44.5, 0, 13, 15]
-----------

Floatzel UL
Stats @ lvl40 15/15/15:     [2443.0, 186.5108, 101.9487, 168.0, 3194441.6441212795, 40, 15, 15, 15]

Best Spread <= lvl40:   [2443.0, 186.5108, 101.9487, 168.0, 3194441.6441212795, 40.0, 15, 15, 15]
Percent Improvement:    1.05267163164
Rank 1:     [2500.0, 185.88839772, 105.17369871, 172.0, 3362698.097703924, 45.0, 7, 15, 13]
Max Atk:    [2500.0, 192.41079764, 103.54309873, 163.0, 3247418.0653313207, 45.0, 15, 13, 2]
Max Def:    [2496.0, 191.59549765, 105.17369871, 161.0, 3244279.9501894116, 45.0, 14, 15, 0]
Max Stam:   [2490.0, 184.25779774, 105.17369871, 173.0, 3352579.820074154, 45.0, 5, 15, 15]
-----------

Gastrodon UL
Stats @ lvl40 15/15/15:     [2324.0, 145.4152, 124.8674, 204.0, 3704154.06067392, 40, 15, 15, 15]

Best Spread <= lvl40:   [2324.0, 145.4152, 124.8674, 204.0, 3704154.06067392, 40.0, 15, 15, 15]
Percent Improvement:    1.10078676166
Rank 1:     [2474.0, 150.01519815999998, 128.81739842, 211.0, 4077483.7531411448, 45.0, 15, 15, 15]
Max Atk:    [2474.0, 150.01519815999998, 128.81739842, 211.0, 4077483.7531411448, 45.0, 15, 15, 15]
Max Def:    [2474.0, 150.01519815999998, 128.81739842, 211.0, 4077483.7531411448, 45.0, 15, 15, 15]
Max Stam:   [2474.0, 150.01519815999998, 128.81739842, 211.0, 4077483.7531411448, 45.0, 15, 15, 15]
-----------

Ambipom UL
Stats @ lvl40 15/15/15:     [2418.0, 173.866, 124.8674, 154.0, 3343370.0867336006, 40, 15, 15, 15]

Best Spread <= lvl40:   [2411.0, 173.866, 124.8674, 154.0, 3343370.0867336006, 40.0, 15, 15, 14]
Percent Improvement:    1.06728328161
Rank 1:     [2499.0, 174.752824465875, 128.42300588655, 159.0, 3568322.997806496, 44.5, 10, 15, 15]
Max Atk:    [2494.0, 179.3659978, 125.55619845999999, 154.0, 3468158.973779919, 45.0, 15, 11, 8]
Max Def:    [2493.0, 179.3659978, 128.81739842, 150.0, 3465819.180240516, 45.0, 15, 15, 3]
Max Stam:   [2491.0, 173.65889787, 128.81739842, 159.0, 3556875.7023395626, 45.0, 8, 15, 15]
-----------

Drifblim UL
Stats @ lvl40 15/15/15:     [2382.0, 154.1085, 92.4651, 258.0, 3676411.7287443, 40, 15, 15, 15]

Best Spread <= lvl40:   [2382.0, 154.1085, 92.4651, 258.0, 3676411.7287443, 40.0, 15, 15, 15]
Percent Improvement:    1.08038726948
Rank 1:     [2496.0, 156.53759808, 95.39009883, 266.0, 3971948.429088897, 45.0, 12, 15, 15]
Max Atk:    [2500.0, 158.98349805, 95.39009883, 259.0, 3927851.9621541104, 45.0, 15, 15, 6]
Max Def:    [2500.0, 158.98349805, 95.39009883, 259.0, 3927851.9621541104, 45.0, 15, 15, 6]
Max Stam:   [2496.0, 156.53759808, 95.39009883, 266.0, 3971948.429088897, 45.0, 12, 15, 15]
-----------

Mismagius UL
Stats @ lvl40 15/15/15:     [2615.0, 178.6078, 159.6406, 134.0, 3820749.5517951204, 40, 15, 15, 15]

Best Spread <= lvl40:   [2499.0, 170.7048, 159.6406, 134.0, 3651689.83711392, 40.0, 5, 15, 15]
Percent Improvement:    1.01164740544
Rank 1:     [2498.0, 168.8633, 160.8603, 136.0, 3694222.54919064, 42.0, 0, 14, 15]
Max Atk:    [2495.0, 181.9978, 150.5911, 124.0, 3398498.8635479207, 43.0, 15, 0, 0]
Max Def:    [2493.0, 172.84359788, 164.69059798, 126.0, 3586680.1519758548, 45.0, 1, 15, 0]
Max Stam:   [2498.0, 171.50160912697498, 153.61992476302498, 138.0, 3635756.8721336587, 44.5, 0, 2, 15]
-----------

Skuntank UL
Stats @ lvl40 15/15/15:     [2358.0, 157.2697, 116.1741, 193.0, 3526238.50997061, 40, 15, 15, 15]

Best Spread <= lvl40:   [2358.0, 157.2697, 116.1741, 193.0, 3526238.50997061, 40.0, 15, 15, 15]
Percent Improvement:    1.09183947344
Rank 1:     [2497.0, 161.42939802, 119.84909852999999, 199.0, 3850086.3979585757, 45.0, 14, 15, 15]
Max Atk:    [2500.0, 162.24469801, 119.84909852999999, 198.0, 3850086.3979585757, 45.0, 15, 15, 13]
Max Def:    [2500.0, 162.24469801, 119.84909852999999, 198.0, 3850086.3979585757, 45.0, 15, 15, 13]
Max Stam:   [2497.0, 161.42939802, 119.84909852999999, 199.0, 3850086.3979585757, 45.0, 14, 15, 15]
-----------

Hippopotas GL
Stats @ lvl40 15/15/15:     [1358.0, 109.8517, 105.1099, 145.0, 1674242.6742653497, 40, 15, 15, 15]

Best Spread <= lvl40:   [1358.0, 109.8517, 105.1099, 145.0, 1674242.6742653497, 40.0, 15, 15, 15]
Percent Improvement:    1.10096665817
Rank 1:     [1445.0, 113.32669861, 108.43489867, 150.0, 1843285.3620571468, 45.0, 15, 15, 15]
Max Atk:    [1445.0, 113.32669861, 108.43489867, 150.0, 1843285.3620571468, 45.0, 15, 15, 15]
Max Def:    [1445.0, 113.32669861, 108.43489867, 150.0, 1843285.3620571468, 45.0, 15, 15, 15]
Max Stam:   [1445.0, 113.32669861, 108.43489867, 150.0, 1843285.3620571468, 45.0, 15, 15, 15]
-----------

Drapion UL
Stats @ lvl40 15/15/15:     [2453.0, 154.1085, 171.4951, 147.0, 3885041.33489745, 40, 15, 15, 15]

Best Spread <= lvl40:   [2453.0, 154.1085, 171.4951, 147.0, 3885041.33489745, 40.0, 15, 15, 15]
Percent Improvement:    1.05045674927
Rank 1:     [2498.0, 152.46109812999998, 176.10479784, 152.0, 4081067.8914265037, 45.0, 7, 14, 15]
Max Atk:    [2499.0, 158.98349805, 175.28949785, 141.0, 3929407.3930865545, 45.0, 15, 13, 1]
Max Def:    [2498.0, 158.16819806, 176.92009783, 141.0, 3945621.763486173, 45.0, 14, 15, 1]
Max Stam:   [2490.0, 151.64579813999998, 176.92009783, 152.0, 4078036.7952504586, 45.0, 6, 15, 15]
-----------

Toxicroak UL
Stats @ lvl40 15/15/15:     [2488.0, 178.6078, 116.9644, 165.0, 3446974.4367827997, 40, 15, 15, 15]

Best Spread <= lvl40:   [2482.0, 178.6078, 116.9644, 165.0, 3446974.4367827997, 40.0, 15, 15, 14]
Percent Improvement:    1.03952332987
Rank 1:     [2496.0, 173.65889787, 120.66439851999999, 171.0, 3583210.3445111713, 45.0, 2, 15, 15]
Max Atk:    [2499.0, 184.25779774, 110.06549865, 167.0, 3386831.2068634583, 45.0, 15, 2, 10]
Max Def:    [2495.0, 180.18129779, 120.66439851999999, 158.0, 3435151.9317365703, 45.0, 10, 15, 0]
Max Stam:   [2496.0, 173.65889787, 120.66439851999999, 171.0, 3583210.3445111713, 45.0, 2, 15, 15]
-----------

Abomasnow UL
Stats @ lvl40 15/15/15:     [2362.0, 152.5279, 136.7219, 175.0, 3649433.25092675, 40, 15, 15, 15]

Best Spread <= lvl40:   [2362.0, 152.5279, 136.7219, 175.0, 3649433.25092675, 40.0, 15, 15, 15]
Percent Improvement:    1.08900352676
Rank 1:     [2495.0, 156.53759808, 141.04689826999999, 180.0, 3974245.6809275835, 45.0, 14, 15, 14]
Max Atk:    [2497.0, 157.35289807, 141.04689826999999, 178.0, 3950556.6007692763, 45.0, 15, 15, 12]
Max Def:    [2497.0, 157.35289807, 141.04689826999999, 178.0, 3950556.6007692763, 45.0, 15, 15, 12]
Max Stam:   [2495.0, 156.53759808, 141.04689826999999, 180.0, 3974245.6809275835, 45.0, 14, 15, 14]
-----------

Lickilicky UL
Stats @ lvl40 15/15/15:     [2467.0, 139.0928, 154.8988, 203.0, 4373697.48515392, 40, 15, 15, 15]

Best Spread <= lvl40:   [2467.0, 139.0928, 154.8988, 203.0, 4373697.48515392, 40.0, 15, 15, 15]
Percent Improvement:    1.04070791552
Rank 1:     [2500.0, 137.363848068525, 159.3095516061, 208.0, 4551741.592878514, 44.5, 8, 15, 14]
Max Atk:    [2500.0, 143.49279823999998, 153.27639811999998, 198.0, 4354823.7355366405, 45.0, 15, 7, 1]
Max Def:    [2495.0, 140.23159828, 159.79879804, 198.0, 4436950.488769682, 45.0, 11, 15, 1]
Max Stam:   [2491.0, 136.15509833, 159.79879804, 209.0, 4547301.00157177, 45.0, 6, 15, 15]
-----------

Gliscor UL
Stats @ lvl40 15/15/15:     [2692.0, 158.06, 187.3011, 154.0, 4559141.027364, 40, 15, 15, 15]

Best Spread <= lvl40:   [2497.0, 146.9958, 187.3011, 154.0, 4240001.155448521, 40.0, 1, 15, 14]
Percent Improvement:    1.00318507338
Rank 1:     [2500.0, 146.668730145235, 187.101731428516, 155.0, 4253505.870272263, 40.5, 0, 14, 15]
Max Atk:    [2499.0, 157.4947215, 174.81914086499998, 144.0, 3964765.2340899515, 39.5, 15, 0, 2]
Max Def:    [2500.0, 149.443714748795, 191.44951565115898, 146.0, 4177195.3136419477, 43.5, 0, 15, 0]
Max Stam:   [2498.0, 148.51872013396002, 179.82807194598402, 157.0, 4193130.1090633105, 42.5, 0, 2, 15]
-----------

Dusknoir UL
Stats @ lvl40 15/15/15:     [2388.0, 154.1085, 212.5907, 113.0, 3702109.82967735, 40, 15, 15, 15]

Best Spread <= lvl40:   [2388.0, 154.1085, 212.5907, 113.0, 3702109.82967735, 40.0, 15, 15, 15]
Percent Improvement:    1.07470623211
Rank 1:     [2500.0, 156.871140101925, 218.644231541025, 116.0, 3978680.5059117842, 44.5, 13, 15, 15]
Max Atk:    [2496.0, 158.98349805, 216.05449735, 114.0, 3915797.37242767, 45.0, 15, 11, 12]
Max Def:    [2497.0, 158.98349805, 219.31569731, 112.0, 3905168.594389303, 45.0, 15, 15, 10]
Max Stam:   [2490.0, 155.72229808999998, 219.31569731, 116.0, 3961671.949509587, 45.0, 11, 15, 15]
-----------

Uxie UL
Stats @ lvl40 15/15/15:     [2524.0, 135.1413, 225.2355, 154.0, 4687547.2145271, 40, 15, 15, 15]

Best Spread <= lvl40:   [2498.0, 134.351, 224.4452, 154.0, 4643783.3080408, 40.0, 14, 14, 14]
Percent Improvement:    1.03148165557
Rank 1:     [2498.0, 130.048613556, 231.64909289662498, 159.0, 4789977.294671069, 44.5, 4, 15, 15]
Max Atk:    [2497.0, 138.989455737975, 219.45703537575, 147.0, 4483825.443997517, 44.5, 15, 0, 0]
Max Def:    [2497.0, 134.52449835, 232.36049715, 148.0, 4626210.538688132, 45.0, 9, 15, 1]
Max Stam:   [2497.0, 129.63269841, 232.36049715, 159.0, 4789321.401661534, 45.0, 3, 15, 15]
-----------

Servine GL
Stats @ lvl40 15/15/15:     [1441.0, 108.2711, 131.9801, 134.0, 1914810.50108474, 40, 15, 15, 15]
Calculating for Servine:

Best Spread <= lvl40:   [1441.0, 108.2711, 131.9801, 134.0, 1914810.50108474, 40.0, 15, 15, 15]
Percent Improvement:    0.0720361474476
Rank 1 <= lvl45:    [1500.0, 109.25019866, 136.15509833, 138.0, 2052746.0726751578, 45.0, 12, 15, 15]
Max Atk:    [1497.0, 111.69609863, 136.15509833, 132.0, 2007455.1145499435, 45.0, 15, 15, 7]
Max Def:    [1497.0, 111.69609863, 136.15509833, 132.0, 2007455.1145499435, 45.0, 15, 15, 7]
Max Stam:   [1500.0, 109.25019866, 136.15509833, 138.0, 2052746.0726751578, 45.0, 12, 15, 15]
-----------

Pignite GL
Stats @ lvl40 15/15/15:     [1543.0, 95.6263, 148.5764, 175.0, 2486366.994881, 40, 15, 15, 15]
Calculating for Pignite:

Best Spread <= lvl40:   [1492.0, 92.4651, 148.5764, 175.0, 2404173.044637, 40.0, 11, 15, 15]
Percent Improvement:    0.0330140796312
Rank 1 <= lvl45:    [1499.0, 90.49829889, 152.46109812999998, 180.0, 2483544.6049799444, 45.0, 5, 14, 14]
Max Atk:    [1497.0, 97.74426748434699, 139.75006838671098, 168.0, 2294841.034978206, 43.5, 15, 0, 1]
Max Def:    [1498.0, 92.94419886, 153.27639811999998, 169.0, 2407599.692632258, 45.0, 8, 15, 1]
Max Stam:   [1490.0, 89.6829989, 153.27639811999998, 180.0, 2474331.6679185457, 45.0, 4, 15, 14]
-----------

Samurott UL
Stats @ lvl40 15/15/15:     [2459.0, 135.9316, 179.3981, 182.0, 4438228.48013272, 40, 15, 15, 15]
Calculating for Samurott:

Best Spread <= lvl40:   [2459.0, 135.9316, 179.3981, 182.0, 4438228.48013272, 40.0, 15, 15, 15]
Percent Improvement:    0.0482207983423
Rank 1 <= lvl45:    [2496.0, 133.70919836, 185.07309773, 188.0, 4652243.4006702835, 45.0, 7, 15, 15]
Max Atk:    [2497.0, 140.23159828, 180.18129779, 176.0, 4447011.6009891145, 45.0, 15, 9, 0]
Max Def:    [2498.0, 137.78569831, 185.07309773, 177.0, 4513575.403614758, 45.0, 12, 15, 2]
Max Stam:   [2496.0, 133.70919836, 185.07309773, 188.0, 4652243.4006702835, 45.0, 7, 15, 15]
-----------

Herdier GL
Stats @ lvl40 15/15/15:     [1583.0, 126.44800000000001, 111.4323, 140.0, 1972654.805856, 40, 15, 15, 15]
Calculating for Herdier:

Best Spread <= lvl40:   [1494.0, 119.3353, 111.4323, 140.0, 1861692.9730266002, 40.0, 6, 15, 15]
Percent Improvement:    0.0254520192028
Rank 1 <= lvl45:    [1499.0, 117.5738, 113.5473, 143.0, 1909076.8183258204, 43.0, 1, 15, 15]
Max Atk:    [1500.0, 129.24861816112, 101.783286801882, 132.0, 1736506.0905773079, 43.5, 15, 0, 1]
Max Def:    [1500.0, 120.66439851999999, 114.95729859, 134.0, 1858747.9408394166, 45.0, 3, 15, 2]
Max Stam:   [1499.0, 118.21849854999999, 110.88079864, 145.0, 1900683.4223206236, 45.0, 0, 10, 15]
-----------

Simisage UL
Stats @ lvl40 15/15/15:     [2350.0, 174.6563, 116.9644, 154.0, 3145999.67770088, 40, 15, 15, 15]
Calculating for Simisage:

Best Spread <= lvl40:   [2344.0, 174.6563, 116.9644, 154.0, 3145999.67770088, 40.0, 15, 15, 14]
Percent Improvement:    0.0938498730527
Rank 1 <= lvl45:    [2490.0, 179.3659978, 120.66439851999999, 159.0, 3441251.348076786, 45.0, 14, 15, 15]
Max Atk:    [2489.0, 180.18129779, 120.66439851999999, 158.0, 3435151.9317365703, 45.0, 15, 15, 13]
Max Def:    [2489.0, 180.18129779, 120.66439851999999, 158.0, 3435151.9317365703, 45.0, 15, 15, 13]
Max Stam:   [2490.0, 179.3659978, 120.66439851999999, 159.0, 3441251.348076786, 45.0, 14, 15, 15]
-----------

Simisear UL
Stats @ lvl40 15/15/15:     [2350.0, 174.6563, 116.9644, 154.0, 3145999.67770088, 40, 15, 15, 15]
Calculating for Simisear:

Best Spread <= lvl40:   [2344.0, 174.6563, 116.9644, 154.0, 3145999.67770088, 40.0, 15, 15, 14]
Percent Improvement:    0.0938498730527
Rank 1 <= lvl45:    [2490.0, 179.3659978, 120.66439851999999, 159.0, 3441251.348076786, 45.0, 14, 15, 15]
Max Atk:    [2489.0, 180.18129779, 120.66439851999999, 158.0, 3435151.9317365703, 45.0, 15, 15, 13]
Max Def:    [2489.0, 180.18129779, 120.66439851999999, 158.0, 3435151.9317365703, 45.0, 15, 15, 13]
Max Stam:   [2490.0, 179.3659978, 120.66439851999999, 159.0, 3441251.348076786, 45.0, 14, 15, 15]
-----------

Simipour UL
Stats @ lvl40 15/15/15:     [2350.0, 174.6563, 116.9644, 154.0, 3145999.67770088, 40, 15, 15, 15]
Calculating for Simipour:

Best Spread <= lvl40:   [2344.0, 174.6563, 116.9644, 154.0, 3145999.67770088, 40.0, 15, 15, 14]
Percent Improvement:    0.0938498730527
Rank 1 <= lvl45:    [2490.0, 179.3659978, 120.66439851999999, 159.0, 3441251.348076786, 45.0, 14, 15, 15]
Max Atk:    [2489.0, 180.18129779, 120.66439851999999, 158.0, 3435151.9317365703, 45.0, 15, 15, 13]
Max Def:    [2489.0, 180.18129779, 120.66439851999999, 158.0, 3435151.9317365703, 45.0, 15, 15, 13]
Max Stam:   [2490.0, 179.3659978, 120.66439851999999, 159.0, 3441251.348076786, 45.0, 14, 15, 15]
-----------

Tranquill GL
Stats @ lvl40 15/15/15:     [1442.0, 125.6577, 96.4166, 136.0, 1647706.3949035201, 40, 15, 15, 15]
Calculating for Tranquill:

Best Spread <= lvl40:   [1442.0, 125.6577, 96.4166, 136.0, 1647706.3949035201, 40.0, 15, 15, 15]
Percent Improvement:    0.0756368897475
Rank 1 <= lvl45:    [1496.0, 126.37149844999999, 99.46659878, 141.0, 1772333.7818310491, 45.0, 11, 15, 15]
Max Atk:    [1499.0, 129.63269841, 95.39009883, 140.0, 1731194.6278101276, 45.0, 15, 10, 14]
Max Def:    [1499.0, 129.63269841, 99.46659878, 134.0, 1727812.5626031724, 45.0, 15, 15, 7]
Max Stam:   [1496.0, 126.37149844999999, 99.46659878, 141.0, 1772333.7818310491, 45.0, 11, 15, 15]
-----------

Zebstrika UL
Stats @ lvl40 15/15/15:     [2428.0, 178.6078, 119.3353, 154.0, 3282389.17088236, 40, 15, 15, 15]
Calculating for Zebstrika:

Best Spread <= lvl40:   [2422.0, 178.6078, 119.3353, 154.0, 3282389.17088236, 40.0, 15, 15, 14]
Percent Improvement:    0.0631099162366
Rank 1 <= lvl45:    [2500.0, 178.81684363949998, 122.733379043475, 159.0, 3489540.476512564, 44.5, 9, 15, 15]
Max Atk:    [2495.0, 184.25779774, 122.29499849999999, 150.0, 3380071.0647339905, 45.0, 15, 14, 3]
Max Def:    [2497.0, 184.25779774, 123.11029848999999, 149.0, 3379920.8393533356, 45.0, 15, 15, 2]
Max Stam:   [2492.0, 177.73539782, 123.11029848999999, 159.0, 3479088.202579596, 45.0, 7, 15, 15]
-----------

Drillbur GL
Stats @ lvl40 15/15/15:     [1376.0, 133.5607, 79.03, 134.0, 1414410.4842140002, 40, 15, 15, 15]
Calculating for Drillbur:

Best Spread <= lvl40:   [1376.0, 133.5607, 79.03, 134.0, 1414410.4842140002, 40.0, 15, 15, 15]
Percent Improvement:    0.0960369567188
Rank 1 <= lvl45:    [1464.0, 137.78569831, 81.529999, 138.0, 1550246.162669147, 45.0, 15, 15, 15]
Max Atk:    [1464.0, 137.78569831, 81.529999, 138.0, 1550246.162669147, 45.0, 15, 15, 15]
Max Def:    [1464.0, 137.78569831, 81.529999, 138.0, 1550246.162669147, 45.0, 15, 15, 15]
Max Stam:   [1464.0, 137.78569831, 81.529999, 138.0, 1550246.162669147, 45.0, 15, 15, 15]
-----------

Ferrothorn UL
Stats @ lvl40 15/15/15:     [2321.0, 136.7219, 188.0914, 153.0, 3934580.67799398, 40, 15, 15, 15]
Calculating for Ferrothorn:

Best Spread <= lvl40:   [2321.0, 136.7219, 188.0914, 153.0, 3934580.67799398, 40.0, 15, 15, 15]
Percent Improvement:    0.0990477620371
Rank 1 <= lvl45:    [2470.0, 141.04689826999999, 194.04139762, 158.0, 4324292.088703727, 45.0, 15, 15, 15]
Max Atk:    [2470.0, 141.04689826999999, 194.04139762, 158.0, 4324292.088703727, 45.0, 15, 15, 15]
Max Def:    [2470.0, 141.04689826999999, 194.04139762, 158.0, 4324292.088703727, 45.0, 15, 15, 15]
Max Stam:   [2470.0, 141.04689826999999, 194.04139762, 158.0, 4324292.088703727, 45.0, 15, 15, 15]
-----------

Klinklang UL
Stats @ lvl40 15/15/15:     [2637.0, 169.1242, 180.9787, 134.0, 4101455.6325083603, 40, 15, 15, 15]
Calculating for Klinklang:

Best Spread <= lvl40:   [2496.0, 160.4309, 180.1884, 134.0, 3873643.4823290403, 40.0, 4, 14, 15]
Percent Improvement:    0.011314910903
Rank 1 <= lvl45:    [2498.0, 159.2597, 180.8678, 136.0, 3917473.4132017596, 42.0, 0, 12, 15]
Max Atk:    [2496.0, 171.26420000000002, 171.26420000000002, 124.0, 3637096.8490033606, 42.0, 15, 0, 0]
Max Def:    [2500.0, 162.24469801, 186.70369771, 127.0, 3847044.0016432786, 45.0, 0, 15, 1]
Max Stam:   [2499.0, 160.75296883789298, 176.101242244526, 137.0, 3878305.258438248, 43.5, 0, 4, 15]
-----------

Lampent GL
Stats @ lvl40 15/15/15:     [1615.0, 137.5122, 102.739, 134.0, 1893134.0327172002, 40, 15, 15, 15]
Calculating for Lampent:

Best Spread <= lvl40:   [1494.0, 127.2383, 102.739, 134.0, 1751692.9842958, 40.0, 2, 15, 15]
Percent Improvement:    0.00757696539781
Rank 1 <= lvl45:    [1495.0, 126.45270158999999, 103.38900129999999, 135.0, 1764965.5014253976, 41.0, 0, 15, 15]
Max Atk:    [1497.0, 139.687877315184, 92.32244765084, 124.0, 1599144.5158701164, 42.5, 15, 0, 0]
Max Def:    [1500.0, 129.63269841, 105.9889987, 126.0, 1731194.6278101276, 45.0, 0, 15, 0]
Max Stam:   [1500.0, 129.235809721275, 97.536460167, 138.0, 1739518.07017002, 44.5, 0, 5, 15]
-----------

Heatmor UL
Stats @ lvl40 15/15/15:     [2395.0, 173.0757, 113.8032, 168.0, 3309023.5083763204, 40, 15, 15, 15]
Calculating for Heatmor:

Best Spread <= lvl40:   [2395.0, 173.0757, 113.8032, 168.0, 3309023.5083763204, 40.0, 15, 15, 15]
Percent Improvement:    0.0743207936164
Rank 1 <= lvl45:    [2499.0, 175.5656283006, 117.0437522004, 173.0, 3554952.7616140717, 44.5, 12, 15, 15]
Max Atk:    [2498.0, 178.55069781, 114.95729859, 170.0, 3489369.9998714947, 45.0, 15, 12, 11]
Max Def:    [2495.0, 178.55069781, 117.40319855999999, 166.0, 3479762.2226503217, 45.0, 15, 15, 6]
Max Stam:   [2491.0, 174.47419786, 117.40319855999999, 173.0, 3543702.398827095, 45.0, 10, 15, 15]
-----------

Durant UL
Stats @ lvl40 15/15/15:     [2659.0, 183.3496, 160.4309, 131.0, 3853357.3158858404, 40, 15, 15, 15]
Calculating for Durant:

Best Spread <= lvl40:   [2499.0, 172.2854, 160.4309, 131.0, 3620827.1330306605, 40.0, 1, 15, 15]
Percent Improvement:    0.000732134174385
Rank 1 <= lvl45:    [2500.0, 172.58010216999998, 159.060002, 132.0, 3623478.0643142927, 41.0, 0, 12, 15]
Max Atk:    [2496.0, 185.090509903304, 149.987137335436, 121.0, 3359104.68313068, 41.5, 15, 0, 1]
Max Def:    [2494.0, 175.83509783, 164.49089797, 122.0, 3528639.3226773385, 44.0, 0, 15, 0]
Max Stam:   [2496.0, 174.208444697672, 154.138347382272, 133.0, 3571342.8348427666, 42.5, 0, 4, 15]
-----------